FRECOVER
FRECOVER
--- t = 2 ---
TPR: 0.12169312169312169
TNR: 0.8820445609436435
--- t = 3 ---
TPR: 0.1134020618556701
TNR: 0.8756906077348067
--- t = 4 ---
TPR: 0.05434782608695652
TNR: 0.8945868945868946
--- t = 1 ---
TPR: 0.17567567567567569
TNR: 0.8967551622418879
--- t = 5 ---
TPR: 0.088
TNR: 0.898566703417861
--- t = 0 ---
TPR: 0.14457831325301204
TNR: 0.8873626373626373
          y0        y1        y2        y3        y4        y5
y0  1.000000  0.052225  0.054618  0.047014  0.049227  0.052252
y1  0.052225  1.000000  0.028500  0.084541  0.038001  0.033220
y2  0.054618  0.028500  1.000000  0.050145  0.057409  0.067276
y3  0.047014  0.084541  0.050145  1.000000  0.118907  0.107119
y4  0.049227  0.038001  0.057409  0.118907  1.000000  0.120021
y5  0.052252  0.033220  0.067276  0.107119  0.120021  1.000000

DALIVE
--- t = 2 ---
TPR: 0.548582995951417
TNR: 0.4432314410480349
--- t = 3 ---
TPR: 0.5206611570247934
TNR: 0.4470046082949309
--- t = 4 ---
TPR: 0.6493506493506493
TNR: 0.5047169811320755
--- t = 1 ---
TPR: 0.5493562231759657
TNR: 0.48333333333333334
--- t = 5 ---
TPR: 0.5333333333333333
TNR: 0.4524236983842011
--- t = 0 ---
TPR: 0.5442477876106194
TNR: 0.48868778280542985
          y0        y1        y2        y3        y4        y5
y0  1.000000  0.036321  0.009219 -0.000340  0.003374  0.019698
y1  0.036321  1.000000  0.008579  0.036216 -0.024761  0.029290
y2  0.009219  0.008579  1.000000 -0.028025 -0.011742 -0.004796
y3 -0.000340  0.036216 -0.028025  1.000000 -0.034280  0.022470
y4  0.003374 -0.024761 -0.011742 -0.034280  1.000000 -0.016857
y5  0.019698  0.029290 -0.004796  0.022470 -0.016857  1.000000

FDENNIS
--- t = 2 ---
TPR: 0.3883248730964467
TNR: 0.6146953405017921
--- t = 3 ---
TPR: 0.3764705882352941
TNR: 0.6470588235294118
--- t = 4 ---
TPR: 0.3425414364640884
TNR: 0.7480916030534351
--- t = 1 ---
TPR: 0.38461538461538464
TNR: 0.5778688524590164
--- t = 5 ---
TPR: 0.3629976580796253
TNR: 0.6109589041095891
--- t = 0 ---
TPR: 0.266304347826087
TNR: 0.6387832699619772
          y0        y1        y2        y3        y4        y5
y0  1.000000  0.025438  0.011169  0.043942  0.078231  0.016104
y1  0.025438  1.000000  0.023620  0.009976  0.011668  0.022135
y2  0.011169  0.023620  1.000000  0.034336  0.020152 -0.006097
y3  0.043942  0.009976  0.034336  1.000000 -0.021926  0.005167
y4  0.078231  0.011668  0.020152 -0.021926  1.000000  0.061873
y5  0.016104  0.022135 -0.006097  0.005167  0.061873  1.000000
DSIDE
--- t = 2 ---
TPR: 0.04
TNR: 0.9816612729234089
--- t = 3 ---
TPR: 0.07692307692307693
TNR: 0.9865470852017937
--- t = 4 ---
TPR: 0.0
TNR: 0.9905660377358491
--- t = 1 ---
TPR: 0.0
TNR: 0.9728395061728395
--- t = 5 ---
TPR: 0.11627906976744186
TNR: 0.9766606822262118
--- t = 0 ---
TPR: 0.0
TNR: 0.967816091954023
          y0        y1        y2        y3        y4        y5
y0  1.000000 -0.016774  0.003556  0.009000 -0.005098 -0.019347
y1 -0.016774  1.000000  0.013724 -0.000407  0.005484  0.011035
y2  0.003556  0.013724  1.000000  0.104074  0.012273  0.032489
y3  0.009000 -0.000407  0.104074  1.000000  0.041377  0.015697
y4 -0.005098  0.005484  0.012273  0.041377  1.000000  0.036510
y5 -0.019347  0.011035  0.032489  0.015697  0.036510  1.000000

DIED
--- t = 2 ---
TPR: 0.13875598086124402
TNR: 0.8586810228802153
--- t = 3 ---
TPR: 0.17045454545454544
TNR: 0.8840970350404312
--- t = 4 ---
TPR: 0.09523809523809523
TNR: 0.8757396449704142
--- t = 1 ---
TPR: 0.13541666666666666
TNR: 0.8832807570977917
--- t = 5 ---
TPR: 0.15355805243445692
TNR: 0.8595505617977528
--- t = 0 ---
TPR: 0.11702127659574468
TNR: 0.8356940509915014
          y0        y1        y2        y3        y4        y5
y0  1.000000  0.020747  0.057144  0.040940  0.089185  0.045324
y1  0.020747  1.000000  0.057416  0.049146  0.058110  0.041940
y2  0.057144  0.057416  1.000000  0.031387  0.116690  0.035733
y3  0.040940  0.049146  0.031387  1.000000  0.093479  0.048351
y4  0.089185  0.058110  0.116690  0.093479  1.000000  0.049123
y5  0.045324  0.041940  0.035733  0.048351  0.049123  1.000000

recurrent
--- t = 2 ---
TPR: 0.018518518518518517
TNR: 0.9844097995545658
--- t = 3 ---
TPR: 0.0625
TNR: 0.9774266365688488
--- t = 4 ---
TPR: 0.0
TNR: 0.976303317535545
--- t = 1 ---
TPR: 0.0625
TNR: 0.9596977329974811
--- t = 5 ---
TPR: 0.057692307692307696
TNR: 0.9782805429864253
--- t = 0 ---
TPR: 0.0
TNR: 0.9859154929577465
          y0        y1        y2        y3        y4        y5
y0  1.000000  0.018284  0.006053 -0.010246 -0.016451 -0.007978
y1  0.018284  1.000000  0.034027  0.059793  0.011773  0.012196
y2  0.006053  0.034027  1.000000  0.005463  0.010400  0.040722
y3 -0.010246  0.059793  0.005463  1.000000  0.010393 -0.008509
y4 -0.016451  0.011773  0.010400  0.010393  1.000000  0.054527
y5 -0.007978  0.012196  0.040722 -0.008509  0.054527  1.000000

