FRECOVER
--- t = 2 ---
TPR: 0.15168539325842698
TNR: 0.8449612403100775
--- t = 3 ---
TPR: 0.2222222222222222
TNR: 0.8027777777777778
--- t = 4 ---
TPR: 0.14942528735632185
TNR: 0.8342696629213483
--- t = 1 ---
TPR: 0.15730337078651685
TNR: 0.845679012345679
--- t = 5 ---
TPR: 0.11538461538461539
TNR: 0.8788198103266597
--- t = 0 ---
TPR: 0.1686746987951807
TNR: 0.8598901098901099
          y0        y1        y2        y3        y4        y5
y0  1.000000  0.566974  0.726734  0.730211  0.696874  0.686294
y1  0.566974  1.000000  0.686340  0.493762  0.486669  0.707314
y2  0.726734  0.686340  1.000000  0.585902  0.664841  0.789424
y3  0.730211  0.493762  0.585902  1.000000  0.707410  0.572897
y4  0.696874  0.486669  0.664841  0.707410  1.000000  0.610134
y5  0.686294  0.707314  0.789424  0.572897  0.610134  1.000000

DALIVE
--- t = 2 ---
TPR: 0.524
TNR: 0.4756637168141593
--- t = 3 ---
TPR: 0.6032388663967612
TNR: 0.419811320754717
--- t = 4 ---
TPR: 0.5761316872427984
TNR: 0.47
--- t = 1 ---
TPR: 0.5411255411255411
TNR: 0.5274725274725275
--- t = 5 ---
TPR: 0.624390243902439
TNR: 0.3726937269372694
--- t = 0 ---
TPR: 0.5591836734693878
TNR: 0.49504950495049505
          y0        y1        y2        y3        y4        y5
y0  1.000000  0.005410  0.307557  0.562051 -0.080947  0.191028
y1  0.005410  1.000000  0.255350  0.020482  0.129961 -0.256566
y2  0.307557  0.255350  1.000000  0.509876  0.074366  0.053704
y3  0.562051  0.020482  0.509876  1.000000 -0.115185  0.307567
y4 -0.080947  0.129961  0.074366 -0.115185  1.000000 -0.256050
y5  0.191028 -0.256566  0.053704  0.307567 -0.256050  1.000000

FDENNIS
--- t = 2 ---
TPR: 0.29508196721311475
TNR: 0.6160409556313993
--- t = 3 ---
TPR: 0.3837837837837838
TNR: 0.5802919708029197
--- t = 4 ---
TPR: 0.3592814371257485
TNR: 0.6739130434782609
--- t = 1 ---
TPR: 0.3176470588235294
TNR: 0.5843621399176955
--- t = 5 ---
TPR: 0.37250554323725055
TNR: 0.6473087818696884
--- t = 0 ---
TPR: 0.38650306748466257
TNR: 0.6443661971830986
          y0        y1        y2        y3        y4        y5
y0  1.000000  0.474864  0.524055  0.593068  0.427066  0.586144
y1  0.474864  1.000000  0.497729  0.621922  0.436230  0.655161
y2  0.524055  0.497729  1.000000  0.471060  0.419762  0.603956
y3  0.593068  0.621922  0.471060  1.000000  0.596941  0.698620
y4  0.427066  0.436230  0.419762  0.596941  1.000000  0.619414
y5  0.586144  0.655161  0.603956  0.698620  0.619414  1.000000

DSIDE
--- t = 2 ---
TPR: 0.15151515151515152
TNR: 0.941240478781284
--- t = 3 ---
TPR: 0.07142857142857142
TNR: 0.9101123595505618
--- t = 4 ---
TPR: 0.09090909090909091
TNR: 0.9074074074074074
--- t = 1 ---
TPR: 0.16666666666666666
TNR: 0.9215189873417722
--- t = 5 ---
TPR: 0.029411764705882353
TNR: 0.9652715939447908
--- t = 0 ---
TPR: 0.3
TNR: 0.8924485125858124
          y0        y1        y2        y3        y4        y5
y0  1.000000  0.490107  0.612990  0.324400  0.398714  0.450174
y1  0.490107  1.000000  0.468904  0.187020  0.268079  0.346487
y2  0.612990  0.468904  1.000000  0.423651  0.386961  0.688900
y3  0.324400  0.187020  0.423651  1.000000  0.623292  0.441662
y4  0.398714  0.268079  0.386961  0.623292  1.000000  0.401465
y5  0.450174  0.346487  0.688900  0.441662  0.401465  1.000000

DIED
--- t = 2 ---
TPR: 0.215311004784689
TNR: 0.847913862718708
--- t = 3 ---
TPR: 0.15384615384615385
TNR: 0.8338028169014085
--- t = 4 ---
TPR: 0.21505376344086022
TNR: 0.8885714285714286
--- t = 1 ---
TPR: 0.19047619047619047
TNR: 0.7824675324675324
--- t = 5 ---
TPR: 0.22743682310469315
TNR: 0.8045454545454546
--- t = 0 ---
TPR: 0.22115384615384615
TNR: 0.8250728862973761
          y0        y1        y2        y3        y4        y5
y0  1.000000  0.759633  0.741301  0.696905  0.634212  0.667156
y1  0.759633  1.000000  0.675941  0.553946  0.592846  0.574367
y2  0.741301  0.675941  1.000000  0.566802  0.575080  0.684134
y3  0.696905  0.553946  0.566802  1.000000  0.600619  0.705779
y4  0.634212  0.592846  0.575080  0.600619  1.000000  0.648816
y5  0.667156  0.574367  0.684134  0.705779  0.648816  1.000000

recurrent
--- t = 2 ---
TPR: 0.05714285714285714
TNR: 0.95092693565976
--- t = 3 ---
TPR: 0.0
TNR: 0.9204545454545454
--- t = 4 ---
TPR: 0.17647058823529413
TNR: 0.8896713615023474
--- t = 1 ---
TPR: 0.16666666666666666
TNR: 0.8703241895261845
--- t = 5 ---
TPR: 0.018518518518518517
TNR: 0.9601087941976428
--- t = 0 ---
TPR: 0.25
TNR: 0.9350348027842227
          y0        y1        y2        y3        y4        y5
y0  1.000000  0.474122  0.516642  0.373967  0.279800  0.473238
y1  0.474122  1.000000  0.418227  0.520521  0.433664  0.385252
y2  0.516642  0.418227  1.000000  0.346898  0.344739  0.497441
y3  0.373967  0.520521  0.346898  1.000000  0.352008  0.425393
y4  0.279800  0.433664  0.344739  0.352008  1.000000  0.307333
y5  0.473238  0.385252  0.497441  0.425393  0.307333  1.000000

