"Robust","data_train_enc_0.75_4",500,1,100.0,3600,2,298.7724456529244,0.0,1.9806263446807861,0.9584629593385041,87.2,63.2,73.39077810227134,70.77,65.83,"log","lasso",0.19
