"Robust","data_train_enc_0.25_2",500,1,100.0,3600,2,234.94156097161104,0.0,0.9639012813568115,1.948859407221686,79.80000000000001,31.2,33.257454375572316,81.92,29.880000000000003,"tree","linear",0.38
