"Robust","data_train_enc_0.5_1",500,1,100.0,3600,2,265.8813330850916,0.0,2.385547161102295,13.487813242844421,49.0,53.400000000000006,61.813832268000596,75.11,50.96000000000001,"log","linear",0.17
