"Robust","data_train_enc_0.25_3",500,1,100.0,3600,2,261.27455329964874,0.0,3.63419246673584,1.11463943412055,89.60000000000001,42.4,93.41694843558187,69.02000000000001,39.94,"tree","lasso",0.3
