split,randomization,budget,tree_depth,propensity_score_pred,ml,oos_regret,oos_optimal_treatment,oos_avg_outcome,tree
1,0.1,0.05,1,tree,linear,143.9705234860537,0.6103,0.481399119987538,"{'branching': ['V1.9'], 'leaves': [{0: 0.5192307692307694, 1: 0.48076923076923067}, {0: 1.0, 1: 0.0}]}"
1,0.1,0.05,1,tree,lasso,165.31947269763256,0.5851,0.479264225066381,"{'branching': ['V2.1'], 'leaves': [{0: 1.0, 1: 0.0}, {0: 0.537037037037037, 1: 0.462962962962963}]}"
1,0.1,0.05,1,log,linear,143.9705234860538,0.6106,0.481399119987538,"{'branching': ['V1.9'], 'leaves': [{0: 0.5192307692307692, 1: 0.4807692307692308}, {0: 1.0, 1: 0.0}]}"
1,0.1,0.05,1,log,lasso,143.97052348605376,0.6113,0.481399119987538,"{'branching': ['V1.9'], 'leaves': [{0: 0.5192307692307692, 1: 0.48076923076923084}, {0: 1.0, 1: 0.0}]}"
1,0.1,0.06,1,tree,linear,136.84176043733407,0.6208,0.4821119962924096,"{'branching': ['V1.9'], 'leaves': [{0: 0.4230769230769231, 1: 0.5769230769230769}, {0: 1.0, 1: 0.0}]}"
1,0.1,0.06,1,tree,lasso,162.46049949122855,0.588,0.4795501223870217,"{'branching': ['V2.1'], 'leaves': [{0: 1.0, 1: 0.0}, {0: 0.4444444444444445, 1: 0.5555555555555556}]}"
1,0.1,0.06,1,log,linear,136.84176043733405,0.6185,0.4821119962924096,"{'branching': ['V1.9'], 'leaves': [{0: 0.42307692307692324, 1: 0.5769230769230768}, {0: 1.0, 1: 0.0}]}"
1,0.1,0.06,1,log,lasso,136.84176043733407,0.6183,0.4821119962924096,"{'branching': ['V1.9'], 'leaves': [{0: 0.42307692307692335, 1: 0.5769230769230766}, {0: 1.0, 1: 0.0}]}"
1,0.1,0.07,1,tree,linear,129.7129973886143,0.6276,0.4828248725972823,"{'branching': ['V1.9'], 'leaves': [{0: 0.3269230769230769, 1: 0.6730769230769231}, {0: 1.0, 1: 0.0}]}"
1,0.1,0.07,1,tree,lasso,159.60152628482462,0.5928,0.4798360197076616,"{'branching': ['V2.1'], 'leaves': [{0: 1.0, 1: 0.0}, {0: 0.35185185185185164, 1: 0.6481481481481484}]}"
1,0.1,0.07,1,log,linear,129.71299738861427,0.6306,0.4828248725972823,"{'branching': ['V1.9'], 'leaves': [{0: 0.326923076923077, 1: 0.6730769230769231}, {0: 1.0, 1: 0.0}]}"
1,0.1,0.07,1,log,lasso,129.7129973886143,0.6294,0.4828248725972823,"{'branching': ['V1.9'], 'leaves': [{0: 0.3269230769230769, 1: 0.6730769230769231}, {0: 1.0, 1: 0.0}]}"
1,0.1,0.08,1,tree,linear,122.58423433989464,0.6398,0.4835377489021547,"{'branching': ['V1.9'], 'leaves': [{0: 0.23076923076923078, 1: 0.7692307692307692}, {0: 1.0, 1: 0.0}]}"
1,0.1,0.08,1,tree,lasso,156.74255307842068,0.5985,0.4801219170283028,"{'branching': ['V2.1'], 'leaves': [{0: 1.0, 1: 0.0}, {0: 0.25925925925925924, 1: 0.7407407407407407}]}"
1,0.1,0.08,1,log,linear,122.58423433989462,0.64,0.4835377489021547,"{'branching': ['V1.9'], 'leaves': [{0: 0.23076923076923084, 1: 0.7692307692307692}, {0: 1.0, 1: 0.0}]}"
1,0.1,0.08,1,log,lasso,122.5842343398946,0.6388,0.4835377489021547,"{'branching': ['V1.9'], 'leaves': [{0: 0.23076923076923075, 1: 0.7692307692307693}, {0: 1.0, 1: 0.0}]}"
1,0.1,0.09,1,tree,linear,115.45547129117487,0.6462,0.4842506252070266,"{'branching': ['V1.9'], 'leaves': [{0: 0.1346153846153846, 1: 0.8653846153846154}, {0: 1.0, 1: 0.0}]}"
1,0.1,0.09,1,tree,lasso,153.88357987201766,0.6019,0.4804078143489424,"{'branching': ['V2.1'], 'leaves': [{0: 0.9999999999999998, 1: 0.0}, {0: 0.16666666666666674, 1: 0.8333333333333333}]}"
1,0.1,0.09,1,log,linear,115.45547129117494,0.6485,0.4842506252070266,"{'branching': ['V1.9'], 'leaves': [{0: 0.13461538461538464, 1: 0.8653846153846153}, {0: 1.0, 1: 0.0}]}"
1,0.1,0.09,1,log,lasso,115.45547129117492,0.6463,0.4842506252070266,"{'branching': ['V1.9'], 'leaves': [{0: 0.13461538461538478, 1: 0.8653846153846152}, {0: 1.0, 1: 0.0}]}"
1,0.1,0.1,1,tree,linear,108.32670824245515,0.6568,0.484963501511898,"{'branching': ['V1.9'], 'leaves': [{0: 0.038461538461538464, 1: 0.9615384615384616}, {0: 1.0, 1: 0.0}]}"
1,0.1,0.1,1,tree,lasso,151.02460666561274,0.6045,0.4806937116695831,"{'branching': ['V2.1'], 'leaves': [{0: 1.0, 1: 0.0}, {0: 0.07407407407407407, 1: 0.9259259259259259}]}"
1,0.1,0.1,1,log,linear,108.32670824245515,0.6569,0.484963501511898,"{'branching': ['V1.9'], 'leaves': [{0: 0.038461538461538464, 1: 0.9615384615384616}, {0: 1.0, 1: 0.0}]}"
1,0.1,0.1,1,log,lasso,108.32670824245524,0.6564,0.484963501511898,"{'branching': ['V1.9'], 'leaves': [{0: 0.03846153846153846, 1: 0.9615384615384615}, {0: 1.0, 1: 0.0}]}"
1,0.1,0.11,1,tree,linear,106.57480445007164,0.659,0.4851386918911399,"{'branching': ['V1.9'], 'leaves': [{0: 0.0, 1: 1.0}, {0: 0.9933035714285714, 1: 0.006696428571428572}]}"
1,0.1,0.11,1,tree,lasso,149.00860505423407,0.6089,0.4808953118307211,"{'branching': ['V2.1'], 'leaves': [{0: 0.9977578475336323, 1: 0.0022421524663677195}, {0: 0.0, 1: 1.0}]}"
1,0.1,0.11,1,log,linear,106.57480445007153,0.6583,0.4851386918911399,"{'branching': ['V1.9'], 'leaves': [{0: 0.0, 1: 1.0}, {0: 0.9933035714285715, 1: 0.006696428571428492}]}"
1,0.1,0.11,1,log,lasso,106.57480445007153,0.6587,0.4851386918911399,"{'branching': ['V1.9'], 'leaves': [{0: 0.0, 1: 1.0}, {0: 0.9933035714285715, 1: 0.006696428571428492}]}"
1,0.1,0.12,1,tree,linear,108.4074734952454,0.6564,0.4849554249866206,"{'branching': ['V1.9'], 'leaves': [{0: 0.0, 1: 1.0}, {0: 0.9821428571428571, 1: 0.017857142857142856}]}"
1,0.1,0.12,1,tree,lasso,122.10984420446972,0.6639,0.4835851879156962,"{'branching': ['V1.7'], 'leaves': [{0: 0.5918367346938775, 1: 0.40816326530612246}, {0: 1.0, 1: 0.0}]}"
1,0.1,0.12,1,log,linear,108.4074734952452,0.6563,0.4849554249866205,"{'branching': ['V1.9'], 'leaves': [{0: 0.0, 1: 1.0}, {0: 0.9821428571428572, 1: 0.017857142857142794}]}"
1,0.1,0.12,1,log,lasso,108.40747349524524,0.6555,0.4849554249866206,"{'branching': ['V1.9'], 'leaves': [{0: 0.0, 1: 1.0}, {0: 0.982142857142857, 1: 0.017857142857143016}]}"
1,0.1,0.13,1,tree,linear,110.24014254041892,0.6542,0.4847721580821038,"{'branching': ['V1.9'], 'leaves': [{0: 0.0, 1: 1.0}, {0: 0.9709821428571429, 1: 0.029017857142857095}]}"
1,0.1,0.13,1,tree,lasso,117.3178029940378,0.6696,0.484064392036738,"{'branching': ['V1.7'], 'leaves': [{0: 0.5578231292517006, 1: 0.44217687074829937}, {0: 1.0, 1: 0.0}]}"
1,0.1,0.13,1,log,linear,110.24014254041872,0.6534,0.4847721580821038,"{'branching': ['V1.9'], 'leaves': [{0: 0.0, 1: 1.0}, {0: 0.9709821428571429, 1: 0.029017857142857144}]}"
1,0.1,0.13,1,log,lasso,110.2401425404189,0.6518,0.4847721580821038,"{'branching': ['V1.9'], 'leaves': [{0: 0.0, 1: 1.0}, {0: 0.970982142857143, 1: 0.029017857142856984}]}"
1,0.1,0.14,1,tree,linear,98.7708539030286,0.6917,0.4859190869458401,"{'branching': ['V1.8'], 'leaves': [{0: 0.3137254901960783, 1: 0.6862745098039217}, {0: 1.0, 1: 0.0}]}"
1,0.1,0.14,1,tree,lasso,112.52576178360584,0.6783,0.4845435961577826,"{'branching': ['V1.7'], 'leaves': [{0: 0.523809523809524, 1: 0.4761904761904761}, {0: 1.0, 1: 0.0}]}"
1,0.1,0.14,1,log,linear,98.7708539030286,0.6928,0.4859190869458401,"{'branching': ['V1.8'], 'leaves': [{0: 0.3137254901960783, 1: 0.6862745098039217}, {0: 1.0, 1: 0.0}]}"
1,0.1,0.14,1,log,lasso,112.07281158559265,0.6496,0.4845888911775849,"{'branching': ['V1.9'], 'leaves': [{0: 0.0, 1: 1.0}, {0: 0.9598214285714285, 1: 0.04017857142857151}]}"
1,0.1,0.15,1,tree,linear,92.9963192725555,0.6994,0.486496540408888,"{'branching': ['V1.8'], 'leaves': [{0: 0.2647058823529411, 1: 0.7352941176470589}, {0: 1.0, 1: 0.0}]}"
1,0.1,0.15,1,tree,lasso,107.73372057317404,0.6949,0.4850228002788257,"{'branching': ['V1.7'], 'leaves': [{0: 0.48979591836734704, 1: 0.510204081632653}, {0: 1.0, 1: 0.0}]}"
1,0.1,0.15,1,log,linear,92.9963192725555,0.7008,0.486496540408888,"{'branching': ['V1.8'], 'leaves': [{0: 0.2647058823529411, 1: 0.7352941176470589}, {0: 1.0, 1: 0.0}]}"
1,0.1,0.15,1,log,lasso,113.90548063076628,0.6465,0.484405624273066,"{'branching': ['V1.9'], 'leaves': [{0: 0.0, 1: 1.0}, {0: 0.9486607142857143, 1: 0.05133928571428571}]}"
1,0.1,0.16,1,tree,linear,87.22178464208241,0.7088,0.4870739938719356,"{'branching': ['V1.8'], 'leaves': [{0: 0.2156862745098039, 1: 0.7843137254901961}, {0: 1.0, 1: 0.0}]}"
1,0.1,0.16,1,tree,lasso,102.9416793627422,0.7005,0.4855020043998688,"{'branching': ['V1.7'], 'leaves': [{0: 0.45578231292516974, 1: 0.5442176870748302}, {0: 1.0, 1: 0.0}]}"
1,0.1,0.16,1,log,linear,87.22178464208238,0.7097,0.4870739938719356,"{'branching': ['V1.8'], 'leaves': [{0: 0.21568627450980393, 1: 0.7843137254901961}, {0: 1.0, 1: 0.0}]}"
1,0.1,0.16,1,log,lasso,115.73814967594006,0.6467,0.4842223573685479,"{'branching': ['V1.9'], 'leaves': [{0: 0.0, 1: 1.0}, {0: 0.9375, 1: 0.0625}]}"
1,0.1,0.17,1,tree,linear,81.44725001160924,0.7215,0.4876514473349824,"{'branching': ['V1.8'], 'leaves': [{0: 0.16666666666666663, 1: 0.8333333333333334}, {0: 1.0, 1: 0.0}]}"
1,0.1,0.17,1,tree,lasso,98.14963815231027,0.7047,0.4859812085209125,"{'branching': ['V1.7'], 'leaves': [{0: 0.4217687074829932, 1: 0.5782312925170068}, {0: 1.0, 1: 0.0}]}"
1,0.1,0.17,1,log,linear,81.44725001160926,0.7184,0.4876514473349824,"{'branching': ['V1.8'], 'leaves': [{0: 0.16666666666666674, 1: 0.8333333333333333}, {0: 1.0, 1: 0.0}]}"
1,0.1,0.17,1,log,lasso,117.57081872111377,0.6431,0.4840390904640337,"{'branching': ['V1.9'], 'leaves': [{0: 0.0, 1: 1.0}, {0: 0.9263392857142857, 1: 0.0736607142857143}]}"
1,0.1,0.18,1,tree,linear,75.67271538113613,0.7307,0.4882289007980289,"{'branching': ['V1.8'], 'leaves': [{0: 0.11764705882352944, 1: 0.8823529411764706}, {0: 1.0, 1: 0.0}]}"
1,0.1,0.18,1,tree,lasso,93.35759694187912,0.7128,0.486460412641956,"{'branching': ['V1.7'], 'leaves': [{0: 0.38775510204081665, 1: 0.6122448979591834}, {0: 0.9999999999999998, 1: 0.0}]}"
1,0.1,0.18,1,log,linear,75.67271538113613,0.7274,0.4882289007980289,"{'branching': ['V1.8'], 'leaves': [{0: 0.11764705882352944, 1: 0.8823529411764706}, {0: 1.0, 1: 0.0}]}"
1,0.1,0.18,1,log,lasso,75.67271538113611,0.7268,0.4882289007980289,"{'branching': ['V1.8'], 'leaves': [{0: 0.11764705882352934, 1: 0.8823529411764707}, {0: 1.0, 1: 0.0}]}"
1,0.1,0.19,1,tree,linear,69.898180750663,0.7399,0.4888063542610777,"{'branching': ['V1.8'], 'leaves': [{0: 0.06862745098039214, 1: 0.9313725490196079}, {0: 1.0, 1: 0.0}]}"
1,0.1,0.19,1,tree,lasso,88.56555573144651,0.7245,0.4869396167629976,"{'branching': ['V1.7'], 'leaves': [{0: 0.3537414965986394, 1: 0.6462585034013606}, {0: 1.0, 1: 0.0}]}"
1,0.1,0.19,1,log,linear,69.898180750663,0.7382,0.4888063542610777,"{'branching': ['V1.8'], 'leaves': [{0: 0.06862745098039214, 1: 0.9313725490196079}, {0: 1.0, 1: 0.0}]}"
1,0.1,0.19,1,log,lasso,69.89818075066299,0.7379,0.4888063542610777,"{'branching': ['V1.8'], 'leaves': [{0: 0.06862745098039216, 1: 0.9313725490196079}, {0: 1.0, 1: 0.0}]}"
1,0.1,0.2,1,tree,linear,64.12364612018989,0.7467,0.4893838077241256,"{'branching': ['V1.8'], 'leaves': [{0: 0.019607843137254943, 1: 0.9803921568627451}, {0: 1.0, 1: 0.0}]}"
1,0.1,0.2,1,tree,lasso,83.77351452101463,0.7335,0.4874188208840416,"{'branching': ['V1.7'], 'leaves': [{0: 0.3197278911564626, 1: 0.6802721088435374}, {0: 1.0, 1: 0.0}]}"
1,0.1,0.2,1,log,linear,64.12364612018993,0.7469,0.4893838077241256,"{'branching': ['V1.8'], 'leaves': [{0: 0.0196078431372549, 1: 0.9803921568627451}, {0: 1.0, 1: 0.0}]}"
1,0.1,0.2,1,log,lasso,64.12364612018993,0.7485,0.4893838077241256,"{'branching': ['V1.8'], 'leaves': [{0: 0.0196078431372549, 1: 0.9803921568627451}, {0: 1.0, 1: 0.0}]}"
1,0.1,0.21,1,tree,linear,63.3806803876181,0.7493,0.4894581042973819,"{'branching': ['V1.8'], 'leaves': [{0: 0.0, 1: 1.0}, {0: 0.9924623115577889, 1: 0.007537688442211036}]}"
1,0.1,0.21,1,tree,lasso,78.98147331058274,0.7412,0.4878980250050864,"{'branching': ['V1.7'], 'leaves': [{0: 0.2857142857142857, 1: 0.7142857142857143}, {0: 1.0, 1: 0.0}]}"
1,0.1,0.21,1,log,linear,63.380680387617616,0.75,0.4894581042973819,"{'branching': ['V1.8'], 'leaves': [{0: 0.0, 1: 1.0}, {0: 0.992462311557789, 1: 0.007537688442211056}]}"
1,0.1,0.21,1,log,lasso,63.380680387617694,0.7486,0.4894581042973819,"{'branching': ['V1.8'], 'leaves': [{0: 0.0, 1: 1.0}, {0: 0.992462311557789, 1: 0.007537688442211032}]}"
1,0.1,0.22,1,tree,linear,65.99209392031273,0.745,0.4891969629441133,"{'branching': ['V1.8'], 'leaves': [{0: 0.0, 1: 1.0}, {0: 0.9798994974874372, 1: 0.020100502512562814}]}"
1,0.1,0.22,1,tree,lasso,74.18943210015095,0.7476,0.4883772291261279,"{'branching': ['V1.7'], 'leaves': [{0: 0.25170068027210885, 1: 0.7482993197278911}, {0: 1.0, 1: 0.0}]}"
1,0.1,0.22,1,log,linear,65.99209392031284,0.7451,0.4891969629441133,"{'branching': ['V1.8'], 'leaves': [{0: 0.0, 1: 1.0}, {0: 0.9798994974874371, 1: 0.0201005025125629}]}"
1,0.1,0.22,1,log,lasso,65.99209392031277,0.7433,0.4891969629441133,"{'branching': ['V1.8'], 'leaves': [{0: 0.0, 1: 1.0}, {0: 0.9798994974874373, 1: 0.02010050251256268}]}"
1,0.1,0.23,1,tree,linear,69.397390889719,0.7539,0.4888564332471714,"{'branching': ['V1.7'], 'leaves': [{0: 0.21768707482993196, 1: 0.782312925170068}, {0: 1.0, 1: 0.0}]}"
1,0.1,0.23,1,tree,lasso,69.397390889719,0.7608,0.4888564332471714,"{'branching': ['V1.7'], 'leaves': [{0: 0.21768707482993196, 1: 0.782312925170068}, {0: 1.0, 1: 0.0}]}"
1,0.1,0.23,1,log,linear,68.60350745300794,0.7395,0.4889358215908418,"{'branching': ['V1.8'], 'leaves': [{0: 0.0, 1: 1.0}, {0: 0.9673366834170853, 1: 0.03266331658291466}]}"
1,0.1,0.23,1,log,lasso,68.60350745300792,0.7421,0.4889358215908418,"{'branching': ['V1.8'], 'leaves': [{0: 0.0, 1: 1.0}, {0: 0.9673366834170855, 1: 0.03266331658291455}]}"
1,0.1,0.24,1,tree,linear,64.60534967928709,0.7637,0.4893356373682154,"{'branching': ['V1.7'], 'leaves': [{0: 0.18367346938775508, 1: 0.8163265306122449}, {0: 1.0, 1: 0.0}]}"
1,0.1,0.24,1,tree,lasso,64.60534967928629,0.7639,0.4893356373682155,"{'branching': ['V1.7'], 'leaves': [{0: 0.18367346938775492, 1: 0.8163265306122451}, {0: 1.0000000000000002, 1: 0.0}]}"
1,0.1,0.24,1,log,linear,64.6053496792872,0.7669,0.4893356373682154,"{'branching': ['V1.7'], 'leaves': [{0: 0.18367346938775525, 1: 0.8163265306122447}, {0: 1.0, 1: 0.0}]}"
1,0.1,0.24,1,log,lasso,71.21492098570295,0.7393,0.4886746802375732,"{'branching': ['V1.8'], 'leaves': [{0: 0.0, 1: 1.0}, {0: 0.9547738693467337, 1: 0.045226130653266326}]}"
1,0.1,0.25,1,tree,linear,59.81330846885511,0.778,0.4898148414892589,"{'branching': ['V1.7'], 'leaves': [{0: 0.14965986394557823, 1: 0.8503401360544218}, {0: 1.0, 1: 0.0}]}"
1,0.1,0.25,1,tree,lasso,59.81330846885511,0.7744,0.4898148414892589,"{'branching': ['V1.7'], 'leaves': [{0: 0.14965986394557823, 1: 0.8503401360544218}, {0: 1.0, 1: 0.0}]}"
1,0.1,0.25,1,log,linear,59.8133084688552,0.7764,0.4898148414892589,"{'branching': ['V1.7'], 'leaves': [{0: 0.14965986394557818, 1: 0.8503401360544218}, {0: 1.0, 1: 0.0}]}"
1,0.1,0.25,1,log,lasso,73.82633451839803,0.7337,0.4884135388843048,"{'branching': ['V1.8'], 'leaves': [{0: 0.0, 1: 1.0}, {0: 0.9422110552763819, 1: 0.05778894472361809}]}"
1,0.1,0.26,1,tree,linear,55.02126725842336,0.7794,0.4902940456103013,"{'branching': ['V1.7'], 'leaves': [{0: 0.11564625850340135, 1: 0.8843537414965986}, {0: 1.0, 1: 0.0}]}"
1,0.1,0.26,1,tree,lasso,55.02126725842334,0.7822,0.4902940456103013,"{'branching': ['V1.7'], 'leaves': [{0: 0.11564625850340136, 1: 0.8843537414965986}, {0: 1.0, 1: 0.0}]}"
1,0.1,0.26,1,log,linear,55.02126725842332,0.7796,0.4902940456103013,"{'branching': ['V1.7'], 'leaves': [{0: 0.11564625850340138, 1: 0.8843537414965986}, {0: 1.0, 1: 0.0}]}"
1,0.1,0.26,1,log,lasso,76.43774805109314,0.7296,0.4881523975310348,"{'branching': ['V1.8'], 'leaves': [{0: 0.0, 1: 1.0}, {0: 0.9296482412060302, 1: 0.07035175879396985}]}"
1,0.1,0.27,1,tree,linear,50.22922604799144,0.7917,0.4907732497313448,"{'branching': ['V1.7'], 'leaves': [{0: 0.08163265306122447, 1: 0.9183673469387755}, {0: 1.0, 1: 0.0}]}"
1,0.1,0.27,1,tree,lasso,50.22922604799142,0.7896,0.4907732497313448,"{'branching': ['V1.7'], 'leaves': [{0: 0.08163265306122448, 1: 0.9183673469387755}, {0: 1.0, 1: 0.0}]}"
1,0.1,0.27,1,log,linear,50.22922604799144,0.7884,0.4907732497313448,"{'branching': ['V1.7'], 'leaves': [{0: 0.08163265306122447, 1: 0.9183673469387755}, {0: 1.0, 1: 0.0}]}"
1,0.1,0.27,1,log,lasso,79.0491615837882,0.7237,0.4878912561777656,"{'branching': ['V1.8'], 'leaves': [{0: 0.0, 1: 1.0}, {0: 0.9170854271356784, 1: 0.08291457286432162}]}"
1,0.1,0.28,1,tree,linear,45.43718483755964,0.7967,0.4912524538523861,"{'branching': ['V1.7'], 'leaves': [{0: 0.047619047619047616, 1: 0.9523809523809523}, {0: 1.0, 1: 0.0}]}"
1,0.1,0.28,1,tree,lasso,45.43718483755964,0.7996,0.4912524538523861,"{'branching': ['V1.7'], 'leaves': [{0: 0.047619047619047616, 1: 0.9523809523809523}, {0: 1.0, 1: 0.0}]}"
1,0.1,0.28,1,log,linear,45.43718483755964,0.7996,0.4912524538523861,"{'branching': ['V1.7'], 'leaves': [{0: 0.047619047619047616, 1: 0.9523809523809523}, {0: 1.0, 1: 0.0}]}"
1,0.1,0.28,1,log,lasso,81.66057511648346,0.7247,0.4876301148244957,"{'branching': ['V1.8'], 'leaves': [{0: 0.0, 1: 1.0}, {0: 0.9045226130653267, 1: 0.09547738693467334}]}"
1,0.1,0.29,1,tree,linear,40.645143627127695,0.8062,0.4917316579734321,"{'branching': ['V1.7'], 'leaves': [{0: 0.013605442176870748, 1: 0.9863945578231292}, {0: 1.0, 1: 0.0}]}"
1,0.1,0.29,1,tree,lasso,40.645143627127695,0.808,0.4917316579734321,"{'branching': ['V1.7'], 'leaves': [{0: 0.01360544217687075, 1: 0.9863945578231292}, {0: 1.0, 1: 0.0}]}"
1,0.1,0.29,1,log,linear,40.64514362712767,0.8069,0.4917316579734321,"{'branching': ['V1.7'], 'leaves': [{0: 0.013605442176870763, 1: 0.9863945578231292}, {0: 1.0, 1: 0.0}]}"
1,0.1,0.29,1,log,lasso,40.645143627127695,0.8067,0.4917316579734321,"{'branching': ['V1.7'], 'leaves': [{0: 0.013605442176870748, 1: 0.9863945578231292}, {0: 1.0, 1: 0.0}]}"
1,0.1,0.3,1,tree,linear,40.69110920239619,0.8075,0.4917270614159029,"{'branching': ['V1.7'], 'leaves': [{0: 0.0, 1: 1.0}, {0: 0.9915014164305949, 1: 0.008498583569405098}]}"
1,0.1,0.3,1,tree,lasso,38.72832714295491,0.8103,0.4919233396218481,"{'branching': ['V1.7'], 'leaves': [{0: 0.0, 1: 1.0}, {0: 1.0, 1: 0.0}]}"
1,0.1,0.3,1,log,linear,40.69110920239607,0.8071,0.4917270614159029,"{'branching': ['V1.7'], 'leaves': [{0: 0.0, 1: 1.0}, {0: 0.9915014164305949, 1: 0.008498583569405138}]}"
1,0.1,0.3,1,log,lasso,40.69110920239607,0.8066,0.4917270614159029,"{'branching': ['V1.7'], 'leaves': [{0: 0.0, 1: 1.0}, {0: 0.9915014164305949, 1: 0.008498583569405138}]}"
1,0.1,0.31,1,tree,linear,43.962412634797865,0.804,0.4913999310726648,"{'branching': ['V1.7'], 'leaves': [{0: 0.0, 1: 1.0}, {0: 0.9773371104815864, 1: 0.022662889518413595}]}"
1,0.1,0.31,1,tree,lasso,38.72832714295491,0.8103,0.4919233396218481,"{'branching': ['V1.7'], 'leaves': [{0: 0.0, 1: 1.0}, {0: 1.0, 1: 0.0}]}"
1,0.1,0.31,1,log,linear,43.962412634797865,0.801,0.4913999310726648,"{'branching': ['V1.7'], 'leaves': [{0: 0.0, 1: 1.0}, {0: 0.9773371104815864, 1: 0.022662889518413595}]}"
1,0.1,0.31,1,log,lasso,43.962412634798014,0.8005,0.4913999310726648,"{'branching': ['V1.7'], 'leaves': [{0: 0.0, 1: 1.0}, {0: 0.9773371104815863, 1: 0.022662889518413665}]}"
1,0.1,0.32,1,tree,linear,47.23371606719993,0.7982,0.491072800729424,"{'branching': ['V1.7'], 'leaves': [{0: 0.0, 1: 1.0}, {0: 0.9631728045325779, 1: 0.03682719546742208}]}"
1,0.1,0.32,1,tree,lasso,38.72832714295491,0.8103,0.4919233396218481,"{'branching': ['V1.7'], 'leaves': [{0: 0.0, 1: 1.0}, {0: 1.0, 1: 0.0}]}"
1,0.1,0.32,1,log,linear,47.23371606719988,0.7933,0.491072800729424,"{'branching': ['V1.7'], 'leaves': [{0: 0.0, 1: 1.0}, {0: 0.9631728045325779, 1: 0.036827195467422094}]}"
1,0.1,0.32,1,log,lasso,47.23371606719988,0.7938,0.491072800729424,"{'branching': ['V1.7'], 'leaves': [{0: 0.0, 1: 1.0}, {0: 0.9631728045325779, 1: 0.036827195467422094}]}"
1,0.1,0.33,1,tree,linear,50.50501949960184,0.7924,0.4907456703861838,"{'branching': ['V1.7'], 'leaves': [{0: 0.0, 1: 1.0}, {0: 0.9490084985835695, 1: 0.050991501416430496}]}"
1,0.1,0.33,1,tree,lasso,38.72832714295491,0.8103,0.4919233396218481,"{'branching': ['V1.7'], 'leaves': [{0: 0.0, 1: 1.0}, {0: 1.0, 1: 0.0}]}"
1,0.1,0.33,1,log,linear,50.50501949960186,0.7897,0.4907456703861838,"{'branching': ['V1.7'], 'leaves': [{0: 0.0, 1: 1.0}, {0: 0.9490084985835694, 1: 0.05099150141643061}]}"
1,0.1,0.33,1,log,lasso,50.50501949960192,0.7953,0.4907456703861838,"{'branching': ['V1.7'], 'leaves': [{0: 0.0, 1: 1.0}, {0: 0.9490084985835694, 1: 0.050991501416430586}]}"
1,0.1,0.34,1,tree,linear,53.77632293200382,0.7823,0.4904185400429438,"{'branching': ['V1.7'], 'leaves': [{0: 0.0, 1: 1.0}, {0: 0.9348441926345608, 1: 0.06515580736543924}]}"
1,0.1,0.34,1,tree,lasso,150.58162536298863,0.6092,0.4807380097998455,"{'branching': ['V2.5'], 'leaves': [{0: 1.0, 1: 0.0}, {0: 0.32000000000000006, 1: 0.6799999999999999}]}"
1,0.1,0.34,1,log,linear,53.77632293200392,0.7856,0.4904185400429438,"{'branching': ['V1.7'], 'leaves': [{0: 0.0, 1: 1.0}, {0: 0.9348441926345609, 1: 0.06515580736543909}]}"
1,0.1,0.34,1,log,lasso,53.77632293200378,0.7854,0.4904185400429439,"{'branching': ['V1.7'], 'leaves': [{0: 0.0, 1: 1.0}, {0: 0.934844192634561, 1: 0.06515580736543902}]}"
1,0.1,0.35,1,tree,linear,44.90375850666336,0.8108,0.4913057964854773,"{'branching': ['V1.6'], 'leaves': [{0: 0.10714285714285714, 1: 0.8928571428571429}, {0: 1.0, 1: 0.0}]}"
1,0.1,0.35,1,tree,lasso,149.72772202867512,0.6084,0.4808234001332785,"{'branching': ['V2.5'], 'leaves': [{0: 1.0, 1: 0.0}, {0: 0.3, 1: 0.7}]}"
1,0.1,0.35,1,log,linear,44.90375850666345,0.807,0.4913057964854773,"{'branching': ['V1.6'], 'leaves': [{0: 0.1071428571428571, 1: 0.8928571428571429}, {0: 1.0, 1: 0.0}]}"
1,0.1,0.35,1,log,lasso,57.04762636440572,0.7791,0.4900914096997038,"{'branching': ['V1.7'], 'leaves': [{0: 0.0, 1: 1.0}, {0: 0.9206798866855525, 1: 0.07932011331444755}]}"
1,0.1,0.36,1,tree,linear,41.05488478600662,0.8104,0.4916906838575431,"{'branching': ['V1.6'], 'leaves': [{0: 0.08163265306122436, 1: 0.9183673469387756}, {0: 1.0, 1: 0.0}]}"
1,0.1,0.36,1,tree,lasso,148.8738186943617,0.6108,0.4809087904667078,"{'branching': ['V2.5'], 'leaves': [{0: 1.0, 1: 0.0}, {0: 0.27999999999999997, 1: 0.7199999999999999}]}"
1,0.1,0.36,1,log,linear,41.05488478600664,0.8161,0.4916906838575431,"{'branching': ['V1.6'], 'leaves': [{0: 0.08163265306122447, 1: 0.9183673469387755}, {0: 1.0, 1: 0.0}]}"
1,0.1,0.36,1,log,lasso,60.318929796807616,0.7741,0.4897642793564628,"{'branching': ['V1.7'], 'leaves': [{0: 0.0, 1: 1.0}, {0: 0.9065155807365439, 1: 0.09348441926345609}]}"
1,0.1,0.37,1,tree,linear,37.20601106534983,0.8235,0.492075571229608,"{'branching': ['V1.6'], 'leaves': [{0: 0.05612244897959184, 1: 0.9438775510204082}, {0: 1.0, 1: 0.0}]}"
1,0.1,0.37,1,tree,lasso,148.01991536004772,0.6088,0.4809941808001382,"{'branching': ['V2.5'], 'leaves': [{0: 1.0, 1: 0.0}, {0: 0.26, 1: 0.74}]}"
1,0.1,0.37,1,log,linear,37.20601106534981,0.8206,0.492075571229608,"{'branching': ['V1.6'], 'leaves': [{0: 0.056122448979591844, 1: 0.9438775510204082}, {0: 1.0, 1: 0.0}]}"
1,0.1,0.37,1,log,lasso,63.59023322920956,0.7705,0.4894371490132226,"{'branching': ['V1.7'], 'leaves': [{0: 0.0, 1: 1.0}, {0: 0.8923512747875355, 1: 0.10764872521246449}]}"
1,0.1,0.38,1,tree,linear,33.357137344692994,0.8298,0.492460458601675,"{'branching': ['V1.6'], 'leaves': [{0: 0.030612244897959218, 1: 0.9693877551020408}, {0: 1.0, 1: 0.0}]}"
1,0.1,0.38,1,tree,lasso,147.16601202573435,0.606,0.4810795711335706,"{'branching': ['V2.5'], 'leaves': [{0: 1.0, 1: 0.0}, {0: 0.23999999999999996, 1: 0.7599999999999999}]}"
1,0.1,0.38,1,log,linear,33.357137344692994,0.8296,0.492460458601675,"{'branching': ['V1.6'], 'leaves': [{0: 0.030612244897959218, 1: 0.9693877551020408}, {0: 1.0, 1: 0.0}]}"
1,0.1,0.38,1,log,lasso,66.86153666161165,0.7599,0.4891100186699832,"{'branching': ['V1.7'], 'leaves': [{0: 0.0, 1: 1.0}, {0: 0.8781869688385269, 1: 0.12181303116147309}]}"
1,0.1,0.39,1,tree,linear,29.50826362403615,0.8357,0.4928453459737391,"{'branching': ['V1.6'], 'leaves': [{0: 0.005102040816326481, 1: 0.9948979591836735}, {0: 1.0, 1: 0.0}]}"
1,0.1,0.39,1,tree,lasso,146.312108691421,0.6208,0.4811649614670007,"{'branching': ['V2.5'], 'leaves': [{0: 1.0, 1: 0.0}, {0: 0.22000000000000003, 1: 0.7799999999999997}]}"
1,0.1,0.39,1,log,linear,29.50826362403615,0.8356,0.4928453459737391,"{'branching': ['V1.6'], 'leaves': [{0: 0.005102040816326481, 1: 0.9948979591836735}, {0: 1.0, 1: 0.0}]}"
1,0.1,0.39,1,log,lasso,70.13284009401335,0.7603,0.4887828883267421,"{'branching': ['V1.7'], 'leaves': [{0: 0.0, 1: 1.0}, {0: 0.8640226628895185, 1: 0.13597733711048157}]}"
1,0.1,0.4,1,tree,linear,28.7384888799048,0.8373,0.4929223234481531,"{'branching': ['V1.6'], 'leaves': [{0: 0.0, 1: 1.0}, {0: 1.0, 1: 0.0}]}"
1,0.1,0.4,1,tree,lasso,145.45820535710692,0.6123,0.4812503518004325,"{'branching': ['V2.5'], 'leaves': [{0: 1.0, 1: 0.0}, {0: 0.20000000000000012, 1: 0.7999999999999998}]}"
1,0.1,0.4,1,log,linear,31.90880283504473,0.8331,0.49260529205264,"{'branching': ['V1.6'], 'leaves': [{0: 0.0, 1: 1.0}, {0: 0.9868421052631579, 1: 0.013157894736842106}]}"
1,0.1,0.4,1,log,lasso,73.40414352641537,0.7515,0.4884557579835049,"{'branching': ['V1.7'], 'leaves': [{0: 0.0, 1: 1.0}, {0: 0.8498583569405099, 1: 0.15014164305949007}]}"
2,0.1,0.05,1,tree,linear,231.20788414586275,0.4719,0.4582000373472164,"{'branching': ['V1.9'], 'leaves': [{0: 0.5833333333333333, 1: 0.4166666666666665}, {0: 1.0, 1: 0.0}]}"
2,0.1,0.05,1,tree,lasso,278.38858752161104,0.4207,0.4534819670096415,"{'branching': ['V2.9'], 'leaves': [{0: 0.5370370370370371, 1: 0.4629629629629629}, {0: 1.0, 1: 0.0}]}"
2,0.1,0.05,1,log,linear,231.20788414586173,0.4715,0.4582000373472166,"{'branching': ['V1.9'], 'leaves': [{0: 0.5833333333333331, 1: 0.41666666666666685}, {0: 1.0000000000000002, 1: 0.0}]}"
2,0.1,0.05,1,log,lasso,312.9466306722055,0.3781,0.4500261626945817,"{'branching': ['V1.1'], 'leaves': [{0: 1.0, 1: 0.0}, {0: 0.5192307692307692, 1: 0.48076923076923084}]}"
2,0.1,0.06,1,tree,linear,222.6176264624248,0.4785,0.4590590631155601,"{'branching': ['V1.9'], 'leaves': [{0: 0.5000000000000001, 1: 0.4999999999999999}, {0: 1.0, 1: 0.0}]}"
2,0.1,0.06,1,tree,lasso,279.23447051332283,0.42,0.4533973787104709,"{'branching': ['V2.9'], 'leaves': [{0: 0.4444444444444444, 1: 0.5555555555555556}, {0: 1.0, 1: 0.0}]}"
2,0.1,0.06,1,log,linear,222.6176264624252,0.4798,0.4590590631155601,"{'branching': ['V1.9'], 'leaves': [{0: 0.5000000000000003, 1: 0.49999999999999956}, {0: 0.9999999999999998, 1: 1.1102230246251565e-16}]}"
2,0.1,0.06,1,log,lasso,320.7041222940363,0.3685,0.4492504135323989,"{'branching': ['V1.1'], 'leaves': [{0: 1.0, 1: 0.0}, {0: 0.423076923076923, 1: 0.576923076923077}]}"
2,0.1,0.07,1,tree,linear,214.02736877898695,0.4859,0.4599180888839032,"{'branching': ['V1.9'], 'leaves': [{0: 0.4166666666666667, 1: 0.5833333333333334}, {0: 1.0, 1: 0.0}]}"
2,0.1,0.07,1,tree,lasso,280.0803535050347,0.4187,0.453312790411299,"{'branching': ['V2.9'], 'leaves': [{0: 0.35185185185185175, 1: 0.6481481481481483}, {0: 1.0, 1: 0.0}]}"
2,0.1,0.07,1,log,linear,214.02736877898707,0.4858,0.4599180888839032,"{'branching': ['V1.9'], 'leaves': [{0: 0.41666666666666663, 1: 0.5833333333333333}, {0: 1.0, 1: 0.0}]}"
2,0.1,0.07,1,log,lasso,328.46161391586713,0.3602,0.4484746643702156,"{'branching': ['V1.1'], 'leaves': [{0: 1.0, 1: 0.0}, {0: 0.32692307692307687, 1: 0.6730769230769231}]}"
2,0.1,0.08,1,tree,linear,205.43711109554917,0.4943,0.4607771146522474,"{'branching': ['V1.9'], 'leaves': [{0: 0.3333333333333333, 1: 0.6666666666666667}, {0: 1.0, 1: 0.0}]}"
2,0.1,0.08,1,tree,lasso,280.9262364967465,0.4184,0.4532282021121271,"{'branching': ['V2.9'], 'leaves': [{0: 0.2592592592592593, 1: 0.7407407407407407}, {0: 1.0, 1: 0.0}]}"
2,0.1,0.08,1,log,linear,205.43711109554928,0.4962,0.4607771146522474,"{'branching': ['V1.9'], 'leaves': [{0: 0.3333333333333333, 1: 0.6666666666666666}, {0: 1.0, 1: 0.0}]}"
2,0.1,0.08,1,log,lasso,336.2191055376978,0.3463,0.447698915208033,"{'branching': ['V1.1'], 'leaves': [{0: 1.0, 1: 0.0}, {0: 0.23076923076923073, 1: 0.7692307692307693}]}"
2,0.1,0.09,1,tree,linear,196.8468534121114,0.5051,0.4616361404205911,"{'branching': ['V1.9'], 'leaves': [{0: 0.25, 1: 0.75}, {0: 1.0, 1: 0.0}]}"
2,0.1,0.09,1,tree,lasso,281.7721194884576,0.4171,0.4531436138129566,"{'branching': ['V2.9'], 'leaves': [{0: 0.16666666666666718, 1: 0.8333333333333328}, {0: 1.0000000000000002, 1: 0.0}]}"
2,0.1,0.09,1,log,linear,196.8468534121114,0.5055,0.4616361404205911,"{'branching': ['V1.9'], 'leaves': [{0: 0.25, 1: 0.75}, {0: 1.0, 1: 0.0}]}"
2,0.1,0.09,1,log,lasso,343.9765971595287,0.3387,0.4469231660458496,"{'branching': ['V1.1'], 'leaves': [{0: 1.0, 1: 0.0}, {0: 0.13461538461538458, 1: 0.8653846153846154}]}"
2,0.1,0.1,1,tree,linear,188.2565957286736,0.5118,0.4624951661889351,"{'branching': ['V1.9'], 'leaves': [{0: 0.16666666666666652, 1: 0.8333333333333335}, {0: 1.0, 1: 0.0}]}"
2,0.1,0.1,1,tree,lasso,282.6180024801703,0.4164,0.4530590255137849,"{'branching': ['V2.9'], 'leaves': [{0: 0.07407407407407407, 1: 0.9259259259259259}, {0: 1.0, 1: 0.0}]}"
2,0.1,0.1,1,log,linear,188.2565957286736,0.5127,0.4624951661889351,"{'branching': ['V1.9'], 'leaves': [{0: 0.16666666666666666, 1: 0.8333333333333334}, {0: 1.0, 1: 0.0}]}"
2,0.1,0.1,1,log,lasso,351.73408878135945,0.3307,0.4461474168836665,"{'branching': ['V1.1'], 'leaves': [{0: 1.0, 1: 0.0}, {0: 0.038461538461538436, 1: 0.9615384615384616}]}"
2,0.1,0.11,1,tree,linear,179.66633804523582,0.5217,0.4633541919572795,"{'branching': ['V1.9'], 'leaves': [{0: 0.08333333333333333, 1: 0.9166666666666666}, {0: 1.0, 1: 0.0}]}"
2,0.1,0.11,1,tree,lasso,283.0519915914238,0.4156,0.4530156266026606,"{'branching': ['V2.9'], 'leaves': [{0: 0.0, 1: 1.0}, {0: 0.9977578475336323, 1: 0.0022421524663677195}]}"
2,0.1,0.11,1,log,linear,179.66633804523582,0.5214,0.4633541919572795,"{'branching': ['V1.9'], 'leaves': [{0: 0.08333333333333333, 1: 0.9166666666666666}, {0: 1.0, 1: 0.0}]}"
2,0.1,0.11,1,log,lasso,353.63310584718806,0.3283,0.4459575151770855,"{'branching': ['V1.1'], 'leaves': [{0: 0.9933035714285714, 1: 0.006696428571428603}, {0: 0.0, 1: 1.0}]}"
2,0.1,0.12,1,tree,linear,171.07608036179798,0.53,0.4642132177256226,"{'branching': ['V1.9'], 'leaves': [{0: 0.0, 1: 1.0}, {0: 1.0, 1: 0.0}]}"
2,0.1,0.12,1,tree,lasso,281.8384051808439,0.4187,0.4531369852437183,"{'branching': ['V2.9'], 'leaves': [{0: 0.0, 1: 1.0}, {0: 0.9865470852017937, 1: 0.013452914798206317}]}"
2,0.1,0.12,1,log,linear,171.07608036179798,0.53,0.4642132177256226,"{'branching': ['V1.9'], 'leaves': [{0: 0.0, 1: 1.0}, {0: 1.0, 1: 0.0}]}"
2,0.1,0.12,1,log,lasso,351.6264732090154,0.3318,0.4461581784409014,"{'branching': ['V1.1'], 'leaves': [{0: 0.9821428571428572, 1: 0.017857142857142794}, {0: 0.0, 1: 1.0}]}"
2,0.1,0.13,1,tree,linear,171.1211567332528,0.5316,0.4642087100884779,"{'branching': ['V1.9'], 'leaves': [{0: 0.0, 1: 1.0}, {0: 0.9886363636363636, 1: 0.01136363636363633}]}"
2,0.1,0.13,1,tree,lasso,280.624818770264,0.4199,0.4532583438847745,"{'branching': ['V2.9'], 'leaves': [{0: 0.0, 1: 1.0}, {0: 0.9753363228699551, 1: 0.024663677130044914}]}"
2,0.1,0.13,1,log,linear,171.07608036179798,0.53,0.4642132177256226,"{'branching': ['V1.9'], 'leaves': [{0: 0.0, 1: 1.0}, {0: 1.0, 1: 0.0}]}"
2,0.1,0.13,1,log,lasso,349.61984057084265,0.3319,0.4463588417047198,"{'branching': ['V1.1'], 'leaves': [{0: 0.9709821428571428, 1: 0.029017857142857206}, {0: 0.0, 1: 1.0}]}"
2,0.1,0.14,1,tree,linear,171.16623310470737,0.5327,0.4642042024513318,"{'branching': ['V1.9'], 'leaves': [{0: 0.0, 1: 1.0}, {0: 0.9772727272727272, 1: 0.022727272727272818}]}"
2,0.1,0.14,1,tree,lasso,279.41123235968416,0.4206,0.4533797025258356,"{'branching': ['V2.9'], 'leaves': [{0: 0.0, 1: 1.0}, {0: 0.9641255605381166, 1: 0.0358744394618834}]}"
2,0.1,0.14,1,log,linear,171.07608036179798,0.53,0.4642132177256226,"{'branching': ['V1.9'], 'leaves': [{0: 0.0, 1: 1.0}, {0: 1.0, 1: 0.0}]}"
2,0.1,0.14,1,log,lasso,347.6132079326699,0.3389,0.4465595049685352,"{'branching': ['V1.1'], 'leaves': [{0: 0.9598214285714286, 1: 0.0401785714285714}, {0: 0.0, 1: 1.0}]}"
2,0.1,0.15,1,tree,linear,161.36543174125148,0.5665,0.4651842825876772,"{'branching': ['V1.8'], 'leaves': [{0: 0.3181818181818182, 1: 0.6818181818181819}, {0: 1.0, 1: 0.0}]}"
2,0.1,0.15,1,tree,lasso,278.19764594910424,0.4232,0.4535010611668956,"{'branching': ['V2.9'], 'leaves': [{0: 0.0, 1: 1.0}, {0: 0.952914798206278, 1: 0.047085201793722}]}"
2,0.1,0.15,1,log,linear,161.36543174125148,0.5686,0.4651842825876772,"{'branching': ['V1.8'], 'leaves': [{0: 0.3181818181818182, 1: 0.6818181818181819}, {0: 1.0, 1: 0.0}]}"
2,0.1,0.15,1,log,lasso,345.60657529449514,0.3397,0.446760168232354,"{'branching': ['V1.1'], 'leaves': [{0: 0.9486607142857143, 1: 0.051339285714286156}, {0: 0.0, 1: 1.0}]}"
2,0.1,0.16,1,tree,linear,153.84584901979818,0.5741,0.4659362408598222,"{'branching': ['V1.8'], 'leaves': [{0: 0.2727272727272727, 1: 0.7272727272727273}, {0: 1.0, 1: 0.0}]}"
2,0.1,0.16,1,tree,lasso,276.9840595385243,0.4215,0.4536224198079518,"{'branching': ['V2.9'], 'leaves': [{0: 0.0, 1: 1.0}, {0: 0.9417040358744394, 1: 0.058295964125560595}]}"
2,0.1,0.16,1,log,linear,153.84584901979818,0.574,0.4659362408598222,"{'branching': ['V1.8'], 'leaves': [{0: 0.2727272727272727, 1: 0.7272727272727273}, {0: 1.0, 1: 0.0}]}"
2,0.1,0.16,1,log,lasso,343.5999426563244,0.3421,0.446960831496171,"{'branching': ['V1.1'], 'leaves': [{0: 0.9375, 1: 0.0625}, {0: 0.0, 1: 1.0}]}"
2,0.1,0.17,1,tree,linear,146.3262662983449,0.5862,0.4666881991319688,"{'branching': ['V1.8'], 'leaves': [{0: 0.22727272727272727, 1: 0.7727272727272727}, {0: 1.0, 1: 0.0}]}"
2,0.1,0.17,1,tree,lasso,275.7704731279445,0.4236,0.4537437784490092,"{'branching': ['V2.9'], 'leaves': [{0: 0.0, 1: 1.0}, {0: 0.9304932735426009, 1: 0.06950672645739908}]}"
2,0.1,0.17,1,log,linear,146.3262662983449,0.585,0.4666881991319688,"{'branching': ['V1.8'], 'leaves': [{0: 0.22727272727272727, 1: 0.7727272727272727}, {0: 1.0, 1: 0.0}]}"
2,0.1,0.17,1,log,lasso,341.5933100181516,0.3465,0.4471614947599864,"{'branching': ['V1.1'], 'leaves': [{0: 0.9263392857142856, 1: 0.07366071428571441}, {0: 0.0, 1: 1.0}]}"
2,0.1,0.18,1,tree,linear,138.8066835768916,0.5945,0.4674401574041137,"{'branching': ['V1.8'], 'leaves': [{0: 0.18181818181818182, 1: 0.8181818181818181}, {0: 1.0, 1: 0.0}]}"
2,0.1,0.18,1,tree,lasso,274.5568867173646,0.427,0.4538651370900698,"{'branching': ['V2.9'], 'leaves': [{0: 0.0, 1: 1.0}, {0: 0.9192825112107623, 1: 0.08071748878923768}]}"
2,0.1,0.18,1,log,linear,138.8066835768915,0.5926,0.467440157404114,"{'branching': ['V1.8'], 'leaves': [{0: 0.1818181818181818, 1: 0.8181818181818182}, {0: 1.0, 1: 0.0}]}"
2,0.1,0.18,1,log,lasso,227.1796982135761,0.4942,0.4586028559404452,"{'branching': ['V2.2'], 'leaves': [{0: 1.0, 1: 0.0}, {0: 0.1262135922330097, 1: 0.8737864077669903}]}"
2,0.1,0.19,1,tree,linear,131.28710085543815,0.6028,0.4681921156762592,"{'branching': ['V1.8'], 'leaves': [{0: 0.13636363636363635, 1: 0.8636363636363636}, {0: 1.0, 1: 0.0}]}"
2,0.1,0.19,1,tree,lasso,273.34330030678484,0.4286,0.4539864957311262,"{'branching': ['V2.9'], 'leaves': [{0: 0.0, 1: 1.0}, {0: 0.9080717488789237, 1: 0.09192825112107625}]}"
2,0.1,0.19,1,log,linear,131.28710085543815,0.6028,0.4681921156762592,"{'branching': ['V1.8'], 'leaves': [{0: 0.13636363636363635, 1: 0.8636363636363636}, {0: 1.0, 1: 0.0}]}"
2,0.1,0.19,1,log,lasso,224.56972741638305,0.4962,0.4588638530201641,"{'branching': ['V2.2'], 'leaves': [{0: 1.0, 1: 0.0}, {0: 0.07766990291262137, 1: 0.9223300970873787}]}"
2,0.1,0.2,1,tree,linear,123.76751813398486,0.6122,0.4689440739484039,"{'branching': ['V1.8'], 'leaves': [{0: 0.09090909090909091, 1: 0.9090909090909091}, {0: 1.0, 1: 0.0}]}"
2,0.1,0.2,1,tree,lasso,272.12971389620486,0.431,0.4541078543721812,"{'branching': ['V2.9'], 'leaves': [{0: 0.0, 1: 1.0}, {0: 0.8968609865470852, 1: 0.10313901345291476}]}"
2,0.1,0.2,1,log,linear,123.76751813398486,0.6116,0.4689440739484039,"{'branching': ['V1.8'], 'leaves': [{0: 0.09090909090909091, 1: 0.9090909090909091}, {0: 1.0, 1: 0.0}]}"
2,0.1,0.2,1,log,lasso,221.95975661919,0.5003,0.4591248500998837,"{'branching': ['V2.2'], 'leaves': [{0: 1.0, 1: 0.0}, {0: 0.02912621359223301, 1: 0.970873786407767}]}"
2,0.1,0.21,1,tree,linear,116.24793541253148,0.6209,0.4696960322205492,"{'branching': ['V1.8'], 'leaves': [{0: 0.045454545454545525, 1: 0.9545454545454545}, {0: 1.0, 1: 0.0}]}"
2,0.1,0.21,1,tree,lasso,270.91612748562494,0.4346,0.45422921301324,"{'branching': ['V2.9'], 'leaves': [{0: 0.0, 1: 1.0}, {0: 0.8856502242152466, 1: 0.11434977578475336}]}"
2,0.1,0.21,1,log,linear,116.24793541253148,0.6219,0.4696960322205492,"{'branching': ['V1.8'], 'leaves': [{0: 0.0454545454545454, 1: 0.9545454545454546}, {0: 1.0, 1: 0.0}]}"
2,0.1,0.21,1,log,lasso,220.1653057625816,0.5028,0.4593042951855457,"{'branching': ['V2.2'], 'leaves': [{0: 0.9949622166246851, 1: 0.005037783375314908}, {0: 0.0, 1: 1.0}]}"
2,0.1,0.22,1,tree,linear,108.72835269107811,0.6312,0.470447990492695,"{'branching': ['V1.8'], 'leaves': [{0: 0.0, 1: 1.0}, {0: 1.0, 1: 0.0}]}"
2,0.1,0.22,1,tree,lasso,269.702541075045,0.4398,0.4543505716542976,"{'branching': ['V2.9'], 'leaves': [{0: 0.0, 1: 1.0}, {0: 0.8744394618834082, 1: 0.12556053811659185}]}"
2,0.1,0.22,1,log,linear,108.72835269107811,0.6312,0.470447990492695,"{'branching': ['V1.8'], 'leaves': [{0: 0.0, 1: 1.0}, {0: 1.0, 1: 0.0}]}"
2,0.1,0.22,1,log,lasso,219.5941348168504,0.5058,0.4593614122801184,"{'branching': ['V2.2'], 'leaves': [{0: 0.982367758186398, 1: 0.017632241813602012}, {0: 0.0, 1: 1.0}]}"
2,0.1,0.23,1,tree,linear,108.72835269107811,0.6312,0.470447990492695,"{'branching': ['V1.8'], 'leaves': [{0: 0.0, 1: 1.0}, {0: 1.0, 1: 0.0}]}"
2,0.1,0.23,1,tree,lasso,268.48895466446584,0.4359,0.4544719302953557,"{'branching': ['V2.9'], 'leaves': [{0: 0.0, 1: 1.0}, {0: 0.8632286995515694, 1: 0.1367713004484304}]}"
2,0.1,0.23,1,log,linear,108.72835269107811,0.6312,0.470447990492695,"{'branching': ['V1.8'], 'leaves': [{0: 0.0, 1: 1.0}, {0: 1.0, 1: 0.0}]}"
2,0.1,0.23,1,log,lasso,219.0229638711192,0.5047,0.4594185293746899,"{'branching': ['V2.2'], 'leaves': [{0: 0.9697732997481108, 1: 0.030226700251889227}, {0: 0.0, 1: 1.0}]}"
2,0.1,0.24,1,tree,linear,108.72835269107811,0.6312,0.470447990492695,"{'branching': ['V1.8'], 'leaves': [{0: 0.0, 1: 1.0}, {0: 1.0, 1: 0.0}]}"
2,0.1,0.24,1,tree,lasso,132.45227951159336,0.66,0.4680755978106444,"{'branching': ['V1.6'], 'leaves': [{0: 0.411764705882353, 1: 0.588235294117647}, {0: 1.0, 1: 0.0}]}"
2,0.1,0.24,1,log,linear,108.72835269107811,0.6312,0.470447990492695,"{'branching': ['V1.8'], 'leaves': [{0: 0.0, 1: 1.0}, {0: 1.0, 1: 0.0}]}"
2,0.1,0.24,1,log,lasso,218.4517929253879,0.507,0.459475646469265,"{'branching': ['V2.2'], 'leaves': [{0: 0.9571788413098237, 1: 0.04282115869017633}, {0: 0.0, 1: 1.0}]}"
2,0.1,0.25,1,tree,linear,108.72835269107811,0.6312,0.470447990492695,"{'branching': ['V1.8'], 'leaves': [{0: 0.0, 1: 1.0}, {0: 1.0, 1: 0.0}]}"
2,0.1,0.25,1,tree,lasso,126.547825634449,0.6679,0.4686660431983568,"{'branching': ['V1.6'], 'leaves': [{0: 0.3872549019607843, 1: 0.6127450980392157}, {0: 1.0, 1: 0.0}]}"
2,0.1,0.25,1,log,linear,108.72835269107811,0.6312,0.470447990492695,"{'branching': ['V1.8'], 'leaves': [{0: 0.0, 1: 1.0}, {0: 1.0, 1: 0.0}]}"
2,0.1,0.25,1,log,lasso,217.88062197965667,0.5062,0.4595327635638379,"{'branching': ['V2.2'], 'leaves': [{0: 0.9445843828715366, 1: 0.055415617128463435}, {0: 0.0, 1: 1.0}]}"
2,0.1,0.26,1,tree,linear,94.20052004040484,0.6882,0.471900773757763,"{'branching': ['V1.7'], 'leaves': [{0: 0.14473684210526316, 1: 0.8552631578947368}, {0: 1.0, 1: 0.0}]}"
2,0.1,0.26,1,tree,lasso,120.64337175730516,0.6774,0.4692564885860709,"{'branching': ['V1.6'], 'leaves': [{0: 0.3627450980392157, 1: 0.6372549019607843}, {0: 1.0, 1: 0.0}]}"
2,0.1,0.26,1,log,linear,94.20052004040484,0.6885,0.471900773757763,"{'branching': ['V1.7'], 'leaves': [{0: 0.14473684210526316, 1: 0.8552631578947368}, {0: 1.0, 1: 0.0}]}"
2,0.1,0.26,1,log,lasso,217.30945103392543,0.51,0.4595898806584121,"{'branching': ['V2.2'], 'leaves': [{0: 0.9319899244332494, 1: 0.06801007556675065}, {0: 0.0, 1: 1.0}]}"
2,0.1,0.27,1,tree,linear,87.27903340491835,0.6995,0.4725929224213107,"{'branching': ['V1.7'], 'leaves': [{0: 0.1118421052631579, 1: 0.8881578947368421}, {0: 1.0, 1: 0.0}]}"
2,0.1,0.27,1,tree,lasso,114.73891788016093,0.6828,0.4698469339737853,"{'branching': ['V1.6'], 'leaves': [{0: 0.3382352941176471, 1: 0.6617647058823529}, {0: 1.0, 1: 0.0}]}"
2,0.1,0.27,1,log,linear,87.27903340491835,0.699,0.4725929224213107,"{'branching': ['V1.7'], 'leaves': [{0: 0.1118421052631579, 1: 0.8881578947368421}, {0: 1.0, 1: 0.0}]}"
2,0.1,0.27,1,log,lasso,216.73828008819424,0.5092,0.4596469977529832,"{'branching': ['V2.2'], 'leaves': [{0: 0.9193954659949622, 1: 0.08060453400503775}, {0: 0.0, 1: 1.0}]}"
2,0.1,0.28,1,tree,linear,80.35754676943205,0.7042,0.4732850710848598,"{'branching': ['V1.7'], 'leaves': [{0: 0.07894736842105263, 1: 0.9210526315789473}, {0: 1.0, 1: 0.0}]}"
2,0.1,0.28,1,tree,lasso,108.83446400301692,0.6953,0.4704373793614998,"{'branching': ['V1.6'], 'leaves': [{0: 0.31372549019607837, 1: 0.6862745098039216}, {0: 1.0, 1: 0.0}]}"
2,0.1,0.28,1,log,linear,80.35754676943205,0.7078,0.4732850710848598,"{'branching': ['V1.7'], 'leaves': [{0: 0.07894736842105263, 1: 0.9210526315789473}, {0: 1.0, 1: 0.0}]}"
2,0.1,0.28,1,log,lasso,216.16710914246292,0.5117,0.4597041148475558,"{'branching': ['V2.2'], 'leaves': [{0: 0.906801007556675, 1: 0.09319899244332497}, {0: 0.0, 1: 1.0}]}"
2,0.1,0.29,1,tree,linear,73.43606013394553,0.7184,0.4739772197484072,"{'branching': ['V1.7'], 'leaves': [{0: 0.04605263157894738, 1: 0.9539473684210527}, {0: 1.0, 1: 0.0}]}"
2,0.1,0.29,1,tree,lasso,102.93001012587274,0.7021,0.4710278247492156,"{'branching': ['V1.6'], 'leaves': [{0: 0.2892156862745099, 1: 0.7107843137254901}, {0: 1.0, 1: 0.0}]}"
2,0.1,0.29,1,log,linear,73.43606013394555,0.7164,0.4739772197484072,"{'branching': ['V1.7'], 'leaves': [{0: 0.046052631578947366, 1: 0.9539473684210527}, {0: 1.0, 1: 0.0}]}"
2,0.1,0.29,1,log,lasso,202.77960402893865,0.5297,0.46104286535891,"{'branching': ['V2.3'], 'leaves': [{0: 1.0, 1: 0.0}, {0: 0.013605442176870748, 1: 0.9863945578231292}]}"
2,0.1,0.3,1,tree,linear,66.51457349845924,0.7263,0.4746693684119577,"{'branching': ['V1.7'], 'leaves': [{0: 0.013157894736842105, 1: 0.9868421052631579}, {0: 1.0, 1: 0.0}]}"
2,0.1,0.3,1,tree,lasso,97.0255562487286,0.7111,0.4716182701369286,"{'branching': ['V1.6'], 'leaves': [{0: 0.2647058823529411, 1: 0.7352941176470589}, {0: 1.0, 1: 0.0}]}"
2,0.1,0.3,1,log,linear,66.51457349845924,0.7256,0.4746693684119577,"{'branching': ['V1.7'], 'leaves': [{0: 0.013157894736842106, 1: 0.9868421052631579}, {0: 1.0, 1: 0.0}]}"
2,0.1,0.3,1,log,lasso,201.5677019625169,0.5304,0.4611640555655527,"{'branching': ['V2.3'], 'leaves': [{0: 0.9915014164305949, 1: 0.008498583569405138}, {0: 0.0, 1: 1.0}]}"
2,0.1,0.31,1,tree,linear,63.745978844264606,0.7306,0.4749462278773764,"{'branching': ['V1.7'], 'leaves': [{0: 0.0, 1: 1.0}, {0: 1.0, 1: 0.0}]}"
2,0.1,0.31,1,tree,lasso,91.12110237158458,0.7245,0.4722087155246434,"{'branching': ['V1.6'], 'leaves': [{0: 0.24019607843137256, 1: 0.7598039215686274}, {0: 1.0, 1: 0.0}]}"
2,0.1,0.31,1,log,linear,63.745978844264606,0.7306,0.4749462278773764,"{'branching': ['V1.7'], 'leaves': [{0: 0.0, 1: 1.0}, {0: 1.0, 1: 0.0}]}"
2,0.1,0.31,1,log,lasso,201.18877480662115,0.5327,0.4612019482811405,"{'branching': ['V2.3'], 'leaves': [{0: 0.9773371104815864, 1: 0.022662889518413554}, {0: 0.0, 1: 1.0}]}"
2,0.1,0.32,1,tree,linear,63.745978844264606,0.7306,0.4749462278773764,"{'branching': ['V1.7'], 'leaves': [{0: 0.0, 1: 1.0}, {0: 1.0, 1: 0.0}]}"
2,0.1,0.32,1,tree,lasso,85.21664849444042,0.7341,0.4727991609123586,"{'branching': ['V1.6'], 'leaves': [{0: 0.21568627450980393, 1: 0.7843137254901961}, {0: 1.0, 1: 0.0}]}"
2,0.1,0.32,1,log,linear,63.745978844264606,0.7306,0.4749462278773764,"{'branching': ['V1.7'], 'leaves': [{0: 0.0, 1: 1.0}, {0: 1.0, 1: 0.0}]}"
2,0.1,0.32,1,log,lasso,200.80984765072537,0.5332,0.461239840996732,"{'branching': ['V2.3'], 'leaves': [{0: 0.9631728045325779, 1: 0.03682719546742208}, {0: 0.0, 1: 1.0}]}"
2,0.1,0.33,1,tree,linear,63.745978844264606,0.7306,0.4749462278773764,"{'branching': ['V1.7'], 'leaves': [{0: 0.0, 1: 1.0}, {0: 1.0, 1: 0.0}]}"
2,0.1,0.33,1,tree,lasso,79.31219461729624,0.7419,0.4733896063000719,"{'branching': ['V1.6'], 'leaves': [{0: 0.1911764705882353, 1: 0.8088235294117647}, {0: 1.0, 1: 0.0}]}"
2,0.1,0.33,1,log,linear,63.74597884426526,0.7306,0.4749462278773764,"{'branching': ['V1.7'], 'leaves': [{0: 0.0, 1: 1.0}, {0: 0.9999999999999998, 1: 0.0}]}"
2,0.1,0.33,1,log,lasso,200.4309204948296,0.5353,0.4612777337123193,"{'branching': ['V2.3'], 'leaves': [{0: 0.9490084985835694, 1: 0.05099150141643061}, {0: 0.0, 1: 1.0}]}"
2,0.1,0.34,1,tree,linear,63.745978844264606,0.7306,0.4749462278773764,"{'branching': ['V1.7'], 'leaves': [{0: 0.0, 1: 1.0}, {0: 1.0, 1: 0.0}]}"
2,0.1,0.34,1,tree,lasso,73.40774074015222,0.7524,0.4739800516877876,"{'branching': ['V1.6'], 'leaves': [{0: 0.16666666666666674, 1: 0.8333333333333333}, {0: 1.0, 1: 0.0}]}"
2,0.1,0.34,1,log,linear,63.745978844264606,0.7306,0.4749462278773764,"{'branching': ['V1.7'], 'leaves': [{0: 0.0, 1: 1.0}, {0: 1.0, 1: 0.0}]}"
2,0.1,0.34,1,log,lasso,200.05199333893387,0.5299,0.4613156264279092,"{'branching': ['V2.3'], 'leaves': [{0: 0.9348441926345609, 1: 0.06515580736543913}, {0: 0.0, 1: 1.0}]}"
2,0.1,0.35,1,tree,linear,63.745978844264606,0.7306,0.4749462278773764,"{'branching': ['V1.7'], 'leaves': [{0: 0.0, 1: 1.0}, {0: 1.0, 1: 0.0}]}"
2,0.1,0.35,1,tree,lasso,67.50328686300809,0.7619,0.4745704970754997,"{'branching': ['V1.6'], 'leaves': [{0: 0.14215686274509798, 1: 0.857843137254902}, {0: 1.0, 1: 0.0}]}"
2,0.1,0.35,1,log,linear,63.745978844264606,0.7306,0.4749462278773764,"{'branching': ['V1.7'], 'leaves': [{0: 0.0, 1: 1.0}, {0: 1.0, 1: 0.0}]}"
2,0.1,0.35,1,log,lasso,199.6730661830381,0.5345,0.4613535191434988,"{'branching': ['V2.3'], 'leaves': [{0: 0.9206798866855525, 1: 0.07932011331444755}, {0: 0.0, 1: 1.0}]}"
2,0.1,0.36,1,tree,linear,61.598832985863815,0.7706,0.4751609424632156,"{'branching': ['V1.6'], 'leaves': [{0: 0.11764705882352941, 1: 0.8823529411764707}, {0: 1.0, 1: 0.0}]}"
2,0.1,0.36,1,tree,lasso,61.598832985864064,0.7733,0.4751609424632156,"{'branching': ['V1.6'], 'leaves': [{0: 0.11764705882352941, 1: 0.8823529411764706}, {0: 1.0, 1: 0.0}]}"
2,0.1,0.36,1,log,linear,61.59883298586398,0.7777,0.4751609424632156,"{'branching': ['V1.6'], 'leaves': [{0: 0.11764705882352933, 1: 0.8823529411764707}, {0: 1.0, 1: 0.0}]}"
2,0.1,0.36,1,log,lasso,199.2941390271423,0.5372,0.4613914118590893,"{'branching': ['V2.3'], 'leaves': [{0: 0.9065155807365439, 1: 0.09348441926345608}, {0: 0.0, 1: 1.0}]}"
2,0.1,0.37,1,tree,linear,55.69437910871989,0.7823,0.4757513878509297,"{'branching': ['V1.6'], 'leaves': [{0: 0.09313725490196079, 1: 0.9068627450980392}, {0: 1.0, 1: 0.0}]}"
2,0.1,0.37,1,tree,lasso,55.69437910871993,0.7847,0.4757513878509297,"{'branching': ['V1.6'], 'leaves': [{0: 0.0931372549019609, 1: 0.9068627450980391}, {0: 1.0, 1: 0.0}]}"
2,0.1,0.37,1,log,linear,55.69437910872024,0.7841,0.4757513878509296,"{'branching': ['V1.6'], 'leaves': [{0: 0.09313725490196074, 1: 0.9068627450980391}, {0: 1.0, 1: 0.0}]}"
2,0.1,0.37,1,log,lasso,198.91521187124656,0.5363,0.4614293045746782,"{'branching': ['V2.3'], 'leaves': [{0: 0.8923512747875354, 1: 0.1076487252124646}, {0: 0.0, 1: 1.0}]}"
2,0.1,0.38,1,tree,linear,49.78992523157574,0.7916,0.4763418332386444,"{'branching': ['V1.6'], 'leaves': [{0: 0.06862745098039216, 1: 0.9313725490196079}, {0: 1.0, 1: 0.0}]}"
2,0.1,0.38,1,tree,lasso,49.78992523157574,0.7938,0.4763418332386444,"{'branching': ['V1.6'], 'leaves': [{0: 0.06862745098039216, 1: 0.9313725490196079}, {0: 1.0, 1: 0.0}]}"
2,0.1,0.38,1,log,linear,49.78992523157574,0.7931,0.4763418332386444,"{'branching': ['V1.6'], 'leaves': [{0: 0.06862745098039216, 1: 0.9313725490196079}, {0: 1.0, 1: 0.0}]}"
2,0.1,0.38,1,log,lasso,198.5362847153508,0.5423,0.4614671972902703,"{'branching': ['V2.3'], 'leaves': [{0: 0.878186968838527, 1: 0.12181303116147302}, {0: 0.0, 1: 1.0}]}"
2,0.1,0.39,1,tree,linear,43.88547135443153,0.8022,0.4769322786263574,"{'branching': ['V1.6'], 'leaves': [{0: 0.04411764705882356, 1: 0.9558823529411765}, {0: 1.0, 1: 0.0}]}"
2,0.1,0.39,1,tree,lasso,43.88547135443159,0.8019,0.4769322786263574,"{'branching': ['V1.6'], 'leaves': [{0: 0.04411764705882353, 1: 0.9558823529411765}, {0: 1.0, 1: 0.0}]}"
2,0.1,0.39,1,log,linear,43.8854713544316,0.8019,0.4769322786263574,"{'branching': ['V1.6'], 'leaves': [{0: 0.044117647058823525, 1: 0.9558823529411765}, {0: 1.0, 1: 0.0}]}"
2,0.1,0.39,1,log,lasso,198.15735755945508,0.5331,0.4615050900058556,"{'branching': ['V2.3'], 'leaves': [{0: 0.8640226628895185, 1: 0.13597733711048154}, {0: 0.0, 1: 1.0}]}"
2,0.1,0.4,1,tree,linear,37.98101747728758,0.8115,0.4775227240140737,"{'branching': ['V1.6'], 'leaves': [{0: 0.01960784313725483, 1: 0.9803921568627452}, {0: 1.0, 1: 0.0}]}"
2,0.1,0.4,1,tree,lasso,37.98101747728757,0.8135,0.4775227240140737,"{'branching': ['V1.6'], 'leaves': [{0: 0.019607843137254832, 1: 0.9803921568627452}, {0: 1.0, 1: 0.0}]}"
2,0.1,0.4,1,log,linear,37.981017477287736,0.8111,0.4775227240140737,"{'branching': ['V1.6'], 'leaves': [{0: 0.01960784313725488, 1: 0.9803921568627451}, {0: 1.0, 1: 0.0}]}"
2,0.1,0.4,1,log,lasso,197.77843040355933,0.541,0.4615429827214462,"{'branching': ['V2.3'], 'leaves': [{0: 0.8498583569405099, 1: 0.15014164305949007}, {0: 0.0, 1: 1.0}]}"
3,0.1,0.05,1,tree,linear,186.02830024913612,0.5489,0.5046474734392269,"{'branching': ['V1.9'], 'leaves': [{0: 0.5283018867924528, 1: 0.4716981132075471}, {0: 1.0, 1: 0.0}]}"
3,0.1,0.05,1,tree,lasso,186.0283002491369,0.5466,0.5046474734392268,"{'branching': ['V1.9'], 'leaves': [{0: 0.5283018867924527, 1: 0.47169811320754723}, {0: 0.9999999999999999, 1: 2.7755575615628914e-17}]}"
3,0.1,0.05,1,log,linear,186.02830024913612,0.5486,0.5046474734392269,"{'branching': ['V1.9'], 'leaves': [{0: 0.5283018867924529, 1: 0.471698113207547}, {0: 1.0, 1: 0.0}]}"
3,0.1,0.05,1,log,lasso,186.02830024913607,0.5474,0.5046474734392269,"{'branching': ['V1.9'], 'leaves': [{0: 0.5283018867924528, 1: 0.4716981132075472}, {0: 1.0, 1: 0.0}]}"
3,0.1,0.06,1,tree,linear,178.75373602764452,0.5585,0.5053749298613767,"{'branching': ['V1.9'], 'leaves': [{0: 0.4339622641509434, 1: 0.5660377358490566}, {0: 1.0, 1: 0.0}]}"
3,0.1,0.06,1,tree,lasso,178.75373602764452,0.5615,0.5053749298613767,"{'branching': ['V1.9'], 'leaves': [{0: 0.4339622641509434, 1: 0.5660377358490566}, {0: 1.0, 1: 0.0}]}"
3,0.1,0.06,1,log,linear,178.7537360276446,0.5586,0.5053749298613767,"{'branching': ['V1.9'], 'leaves': [{0: 0.43396226415094347, 1: 0.5660377358490565}, {0: 1.0, 1: 0.0}]}"
3,0.1,0.06,1,log,lasso,178.75373602764446,0.5583,0.5053749298613767,"{'branching': ['V1.9'], 'leaves': [{0: 0.4339622641509422, 1: 0.5660377358490578}, {0: 1.0, 1: 0.0}]}"
3,0.1,0.07,1,tree,linear,171.47917180615298,0.5671,0.5061023862835254,"{'branching': ['V1.9'], 'leaves': [{0: 0.33962264150943394, 1: 0.6603773584905661}, {0: 1.0, 1: 0.0}]}"
3,0.1,0.07,1,tree,lasso,171.47917180615298,0.5659,0.5061023862835254,"{'branching': ['V1.9'], 'leaves': [{0: 0.339622641509434, 1: 0.660377358490566}, {0: 1.0, 1: 0.0}]}"
3,0.1,0.07,1,log,linear,171.47917180615298,0.5643,0.5061023862835254,"{'branching': ['V1.9'], 'leaves': [{0: 0.3396226415094339, 1: 0.6603773584905661}, {0: 1.0, 1: 0.0}]}"
3,0.1,0.07,1,log,lasso,171.47917180615298,0.5673,0.5061023862835254,"{'branching': ['V1.9'], 'leaves': [{0: 0.3396226415094339, 1: 0.6603773584905661}, {0: 1.0, 1: 0.0}]}"
3,0.1,0.08,1,tree,linear,164.2046075846614,0.5743,0.5068298427056744,"{'branching': ['V1.9'], 'leaves': [{0: 0.24528301886792453, 1: 0.7547169811320755}, {0: 1.0, 1: 0.0}]}"
3,0.1,0.08,1,tree,lasso,164.2046075846615,0.5752,0.5068298427056744,"{'branching': ['V1.9'], 'leaves': [{0: 0.2452830188679291, 1: 0.7547169811320709}, {0: 0.9999999999999983, 1: 1.762479051592436e-15}]}"
3,0.1,0.08,1,log,linear,164.20460758466143,0.5762,0.5068298427056744,"{'branching': ['V1.9'], 'leaves': [{0: 0.2452830188679247, 1: 0.7547169811320753}, {0: 1.0, 1: 0.0}]}"
3,0.1,0.08,1,log,lasso,164.20460758466143,0.5761,0.5068298427056744,"{'branching': ['V1.9'], 'leaves': [{0: 0.24528301886792458, 1: 0.7547169811320754}, {0: 1.0, 1: 0.0}]}"
3,0.1,0.09,1,tree,linear,156.93004336316886,0.5828,0.5075572991278245,"{'branching': ['V1.9'], 'leaves': [{0: 0.15094339622641512, 1: 0.8490566037735849}, {0: 1.0000000000000002, 1: 0.0}]}"
3,0.1,0.09,1,tree,lasso,156.9300433631638,0.5846,0.5075572991278252,"{'branching': ['V1.9'], 'leaves': [{0: 0.15094339622641173, 1: 0.849056603773588}, {0: 1.0000000000000013, 1: 0.0}]}"
3,0.1,0.09,1,log,linear,156.93004336316986,0.5849,0.5075572991278244,"{'branching': ['V1.9'], 'leaves': [{0: 0.15094339622641484, 1: 0.8490566037735852}, {0: 1.0, 1: 0.0}]}"
3,0.1,0.09,1,log,lasso,156.93004336316986,0.5842,0.5075572991278244,"{'branching': ['V1.9'], 'leaves': [{0: 0.1509433962264151, 1: 0.8490566037735849}, {0: 1.0, 1: 0.0}]}"
3,0.1,0.1,1,tree,linear,149.65547914167828,0.5938,0.5082847555499725,"{'branching': ['V1.9'], 'leaves': [{0: 0.0566037735849057, 1: 0.9433962264150944}, {0: 1.0, 1: 0.0}]}"
3,0.1,0.1,1,tree,lasso,149.65547914167837,0.5938,0.5082847555499725,"{'branching': ['V1.9'], 'leaves': [{0: 0.05660377358490565, 1: 0.9433962264150942}, {0: 1.0, 1: 0.0}]}"
3,0.1,0.1,1,log,linear,149.6554791416783,0.5938,0.5082847555499725,"{'branching': ['V1.9'], 'leaves': [{0: 0.05660377358490579, 1: 0.9433962264150942}, {0: 1.0, 1: 0.0}]}"
3,0.1,0.1,1,log,lasso,149.65547914167828,0.5936,0.5082847555499725,"{'branching': ['V1.9'], 'leaves': [{0: 0.05660377358490568, 1: 0.9433962264150944}, {0: 1.0, 1: 0.0}]}"
3,0.1,0.11,1,tree,linear,145.29074060878418,0.5992,0.5087212294032626,"{'branching': ['V1.9'], 'leaves': [{0: 1.3183898417423734e-16, 1: 0.9999999999999997}, {0: 0.9999999999999997, 1: 2.1510571102112408e-16}]}"
3,0.1,0.11,1,tree,lasso,145.29074060878338,0.5992,0.5087212294032627,"{'branching': ['V1.9'], 'leaves': [{0: 0.0, 1: 1.0}, {0: 1.0, 1: 0.0}]}"
3,0.1,0.11,1,log,linear,145.29074060878338,0.5992,0.5087212294032627,"{'branching': ['V1.9'], 'leaves': [{0: 0.0, 1: 1.0}, {0: 1.0, 1: 0.0}]}"
3,0.1,0.11,1,log,lasso,145.29074060878338,0.5992,0.5087212294032627,"{'branching': ['V1.9'], 'leaves': [{0: 0.0, 1: 1.0}, {0: 1.0, 1: 0.0}]}"
3,0.1,0.12,1,tree,linear,145.2907406087844,0.5992,0.5087212294032626,"{'branching': ['V1.9'], 'leaves': [{0: 0.0, 1: 0.9999999999999999}, {0: 0.9999999999999998, 1: 0.0}]}"
3,0.1,0.12,1,tree,lasso,145.29074060878338,0.5992,0.5087212294032627,"{'branching': ['V1.9'], 'leaves': [{0: 0.0, 1: 1.0}, {0: 1.0, 1: 0.0}]}"
3,0.1,0.12,1,log,linear,145.29074060878338,0.5992,0.5087212294032627,"{'branching': ['V1.9'], 'leaves': [{0: 0.0, 1: 1.0}, {0: 1.0, 1: 0.0}]}"
3,0.1,0.12,1,log,lasso,145.29074060878338,0.5992,0.5087212294032627,"{'branching': ['V1.9'], 'leaves': [{0: 0.0, 1: 1.0}, {0: 1.0, 1: 0.0}]}"
3,0.1,0.13,1,tree,linear,145.29074060878338,0.5992,0.5087212294032627,"{'branching': ['V1.9'], 'leaves': [{0: 0.0, 1: 1.0}, {0: 1.0, 1: 0.0}]}"
3,0.1,0.13,1,tree,lasso,145.29074060878338,0.5992,0.5087212294032627,"{'branching': ['V1.9'], 'leaves': [{0: 0.0, 1: 1.0}, {0: 1.0, 1: 0.0}]}"
3,0.1,0.13,1,log,linear,145.29074060878338,0.5992,0.5087212294032627,"{'branching': ['V1.9'], 'leaves': [{0: 0.0, 1: 1.0}, {0: 1.0, 1: 0.0}]}"
3,0.1,0.13,1,log,lasso,145.29074060878338,0.5992,0.5087212294032627,"{'branching': ['V1.9'], 'leaves': [{0: 0.0, 1: 1.0}, {0: 1.0, 1: 0.0}]}"
3,0.1,0.14,1,tree,linear,145.29074060878338,0.5992,0.5087212294032627,"{'branching': ['V1.9'], 'leaves': [{0: 0.0, 1: 1.0}, {0: 1.0, 1: 0.0}]}"
3,0.1,0.14,1,tree,lasso,145.29074060878338,0.5992,0.5087212294032627,"{'branching': ['V1.9'], 'leaves': [{0: 0.0, 1: 1.0}, {0: 1.0, 1: 0.0}]}"
3,0.1,0.14,1,log,linear,145.29074060878486,0.5992,0.5087212294032626,"{'branching': ['V1.9'], 'leaves': [{0: 3.885780586188048e-16, 1: 0.9999999999999998}, {0: 0.9999999999999997, 1: 2.7755575615628914e-17}]}"
3,0.1,0.14,1,log,lasso,145.29074060878338,0.5992,0.5087212294032627,"{'branching': ['V1.9'], 'leaves': [{0: 0.0, 1: 1.0}, {0: 1.0, 1: 0.0}]}"
3,0.1,0.15,1,tree,linear,145.29074060878366,0.5992,0.5087212294032627,"{'branching': ['V1.9'], 'leaves': [{0: 8.326672684688674e-17, 1: 0.9999999999999999}, {0: 0.9999999999999998, 1: 1.3877787807814457e-16}]}"
3,0.1,0.15,1,tree,lasso,124.68583884067566,0.6436,0.5107817195800736,"{'branching': ['V1.8'], 'leaves': [{0: 0.2424242424242424, 1: 0.7575757575757577}, {0: 1.0, 1: 0.0}]}"
3,0.1,0.15,1,log,linear,145.29074060878338,0.5992,0.5087212294032627,"{'branching': ['V1.9'], 'leaves': [{0: 0.0, 1: 1.0}, {0: 1.0, 1: 0.0}]}"
3,0.1,0.15,1,log,lasso,145.29074060878338,0.5992,0.5087212294032627,"{'branching': ['V1.9'], 'leaves': [{0: 0.0, 1: 1.0}, {0: 1.0, 1: 0.0}]}"
3,0.1,0.16,1,tree,linear,145.29074060878244,0.5992,0.5087212294032628,"{'branching': ['V1.9'], 'leaves': [{0: 0.0, 1: 1.0}, {0: 1.0000000000000002, 1: 0.0}]}"
3,0.1,0.16,1,tree,lasso,118.17148667294788,0.6547,0.5114331547968464,"{'branching': ['V1.8'], 'leaves': [{0: 0.19191919191919193, 1: 0.8080808080808081}, {0: 1.0, 1: 0.0}]}"
3,0.1,0.16,1,log,linear,145.29074060878338,0.5992,0.5087212294032627,"{'branching': ['V1.9'], 'leaves': [{0: 0.0, 1: 1.0}, {0: 1.0, 1: 0.0}]}"
3,0.1,0.16,1,log,lasso,145.29074060878338,0.5992,0.5087212294032627,"{'branching': ['V1.9'], 'leaves': [{0: 0.0, 1: 1.0}, {0: 1.0, 1: 0.0}]}"
3,0.1,0.17,1,tree,linear,145.29074060878347,0.5992,0.5087212294032627,"{'branching': ['V1.9'], 'leaves': [{0: 0.0, 1: 0.9999999999999999}, {0: 1.0, 1: 0.0}]}"
3,0.1,0.17,1,tree,lasso,111.65713450522,0.6609,0.5120845900136188,"{'branching': ['V1.8'], 'leaves': [{0: 0.14141414141414144, 1: 0.8585858585858586}, {0: 1.0, 1: 0.0}]}"
3,0.1,0.17,1,log,linear,145.29074060878338,0.5992,0.5087212294032627,"{'branching': ['V1.9'], 'leaves': [{0: 0.0, 1: 1.0}, {0: 1.0, 1: 0.0}]}"
3,0.1,0.17,1,log,lasso,145.29074060878338,0.5992,0.5087212294032627,"{'branching': ['V1.9'], 'leaves': [{0: 0.0, 1: 1.0}, {0: 1.0, 1: 0.0}]}"
3,0.1,0.18,1,tree,linear,145.29074060878358,0.5992,0.5087212294032627,"{'branching': ['V1.9'], 'leaves': [{0: 3.3306690738754696e-16, 1: 0.9999999999999997}, {0: 0.9999999999999998, 1: 1.6653345369377348e-16}]}"
3,0.1,0.18,1,tree,lasso,105.14278233749216,0.6718,0.5127360252303923,"{'branching': ['V1.8'], 'leaves': [{0: 0.09090909090909091, 1: 0.9090909090909091}, {0: 1.0, 1: 0.0}]}"
3,0.1,0.18,1,log,linear,145.29074060878338,0.5992,0.5087212294032627,"{'branching': ['V1.9'], 'leaves': [{0: 0.0, 1: 1.0}, {0: 1.0, 1: 0.0}]}"
3,0.1,0.18,1,log,lasso,145.29074060878338,0.5992,0.5087212294032627,"{'branching': ['V1.9'], 'leaves': [{0: 0.0, 1: 1.0}, {0: 1.0, 1: 0.0}]}"
3,0.1,0.19,1,tree,linear,145.29074060878338,0.5992,0.5087212294032627,"{'branching': ['V1.9'], 'leaves': [{0: 0.0, 1: 1.0}, {0: 1.0, 1: 0.0}]}"
3,0.1,0.19,1,tree,lasso,98.62843016976429,0.6829,0.5133874604471643,"{'branching': ['V1.8'], 'leaves': [{0: 0.04040404040404041, 1: 0.9595959595959596}, {0: 1.0, 1: 0.0}]}"
3,0.1,0.19,1,log,linear,98.62843016976424,0.6816,0.5133874604471643,"{'branching': ['V1.8'], 'leaves': [{0: 0.040404040404040456, 1: 0.9595959595959596}, {0: 1.0, 1: 0.0}]}"
3,0.1,0.19,1,log,lasso,145.29074060878338,0.5992,0.5087212294032627,"{'branching': ['V1.9'], 'leaves': [{0: 0.0, 1: 1.0}, {0: 1.0, 1: 0.0}]}"
3,0.1,0.2,1,tree,linear,93.41694843558194,0.6902,0.5139086086205825,"{'branching': ['V1.8'], 'leaves': [{0: 0.0, 1: 1.0}, {0: 1.0, 1: 0.0}]}"
3,0.1,0.2,1,tree,lasso,93.41694843558194,0.6902,0.5139086086205825,"{'branching': ['V1.8'], 'leaves': [{0: 0.0, 1: 1.0}, {0: 1.0, 1: 0.0}]}"
3,0.1,0.2,1,log,linear,93.41694843558194,0.6902,0.5139086086205825,"{'branching': ['V1.8'], 'leaves': [{0: 0.0, 1: 1.0}, {0: 1.0, 1: 0.0}]}"
3,0.1,0.2,1,log,lasso,93.41694843558194,0.6902,0.5139086086205825,"{'branching': ['V1.8'], 'leaves': [{0: 0.0, 1: 1.0}, {0: 1.0, 1: 0.0}]}"
3,0.1,0.21,1,tree,linear,93.41694843558268,0.6902,0.5139086086205824,"{'branching': ['V1.8'], 'leaves': [{0: 1.1102230246251565e-16, 1: 0.9999999999999998}, {0: 0.9999999999999999, 1: 5.551115123125783e-17}]}"
3,0.1,0.21,1,tree,lasso,93.41694843558194,0.6902,0.5139086086205825,"{'branching': ['V1.8'], 'leaves': [{0: 0.0, 1: 1.0}, {0: 1.0, 1: 0.0}]}"
3,0.1,0.21,1,log,linear,93.41694843558194,0.6902,0.5139086086205825,"{'branching': ['V1.8'], 'leaves': [{0: 0.0, 1: 1.0}, {0: 1.0, 1: 0.0}]}"
3,0.1,0.21,1,log,lasso,93.41694843558194,0.6902,0.5139086086205825,"{'branching': ['V1.8'], 'leaves': [{0: 0.0, 1: 1.0}, {0: 1.0, 1: 0.0}]}"
3,0.1,0.22,1,tree,linear,93.41694843558194,0.6902,0.5139086086205825,"{'branching': ['V1.8'], 'leaves': [{0: 0.0, 1: 1.0}, {0: 1.0, 1: 0.0}]}"
3,0.1,0.22,1,tree,lasso,93.41694843558194,0.6902,0.5139086086205825,"{'branching': ['V1.8'], 'leaves': [{0: 0.0, 1: 1.0}, {0: 1.0, 1: 0.0}]}"
3,0.1,0.22,1,log,linear,93.41694843558194,0.6902,0.5139086086205825,"{'branching': ['V1.8'], 'leaves': [{0: 0.0, 1: 1.0}, {0: 1.0, 1: 0.0}]}"
3,0.1,0.22,1,log,lasso,93.41694843558194,0.6902,0.5139086086205825,"{'branching': ['V1.8'], 'leaves': [{0: 0.0, 1: 1.0}, {0: 1.0, 1: 0.0}]}"
3,0.1,0.23,1,tree,linear,93.41694843558194,0.6902,0.5139086086205825,"{'branching': ['V1.8'], 'leaves': [{0: 0.0, 1: 1.0}, {0: 1.0, 1: 0.0}]}"
3,0.1,0.23,1,tree,lasso,93.41694843558194,0.6902,0.5139086086205825,"{'branching': ['V1.8'], 'leaves': [{0: 0.0, 1: 1.0}, {0: 1.0, 1: 0.0}]}"
3,0.1,0.23,1,log,linear,93.41694843558194,0.6902,0.5139086086205825,"{'branching': ['V1.8'], 'leaves': [{0: 0.0, 1: 1.0}, {0: 1.0, 1: 0.0}]}"
3,0.1,0.23,1,log,lasso,93.41694843558194,0.6902,0.5139086086205825,"{'branching': ['V1.8'], 'leaves': [{0: 0.0, 1: 1.0}, {0: 1.0, 1: 0.0}]}"
3,0.1,0.24,1,tree,linear,93.41694843558194,0.6902,0.5139086086205825,"{'branching': ['V1.8'], 'leaves': [{0: 0.0, 1: 1.0}, {0: 1.0, 1: 0.0}]}"
3,0.1,0.24,1,tree,lasso,93.41694843558194,0.6902,0.5139086086205825,"{'branching': ['V1.8'], 'leaves': [{0: 0.0, 1: 1.0}, {0: 1.0, 1: 0.0}]}"
3,0.1,0.24,1,log,linear,93.41694843558194,0.6902,0.5139086086205825,"{'branching': ['V1.8'], 'leaves': [{0: 0.0, 1: 1.0}, {0: 1.0, 1: 0.0}]}"
3,0.1,0.24,1,log,lasso,93.41694843558194,0.6902,0.5139086086205825,"{'branching': ['V1.8'], 'leaves': [{0: 0.0, 1: 1.0}, {0: 1.0, 1: 0.0}]}"
3,0.1,0.25,1,tree,linear,93.41694843558194,0.6902,0.5139086086205825,"{'branching': ['V1.8'], 'leaves': [{0: 0.0, 1: 1.0}, {0: 1.0, 1: 0.0}]}"
3,0.1,0.25,1,tree,lasso,93.41694843558194,0.6902,0.5139086086205825,"{'branching': ['V1.8'], 'leaves': [{0: 0.0, 1: 1.0}, {0: 1.0, 1: 0.0}]}"
3,0.1,0.25,1,log,linear,93.41694843558194,0.6902,0.5139086086205825,"{'branching': ['V1.8'], 'leaves': [{0: 0.0, 1: 1.0}, {0: 1.0, 1: 0.0}]}"
3,0.1,0.25,1,log,lasso,93.41694843558194,0.6902,0.5139086086205825,"{'branching': ['V1.8'], 'leaves': [{0: 0.0, 1: 1.0}, {0: 1.0, 1: 0.0}]}"
3,0.1,0.26,1,tree,linear,93.41694843558194,0.6902,0.5139086086205825,"{'branching': ['V1.8'], 'leaves': [{0: 0.0, 1: 1.0}, {0: 1.0, 1: 0.0}]}"
3,0.1,0.26,1,tree,lasso,93.4169484355817,0.6902,0.5139086086205825,"{'branching': ['V1.8'], 'leaves': [{0: 0.0, 1: 1.0000000000000002}, {0: 1.0, 1: 0.0}]}"
3,0.1,0.26,1,log,linear,93.41694843558194,0.6902,0.5139086086205825,"{'branching': ['V1.8'], 'leaves': [{0: 0.0, 1: 1.0}, {0: 1.0, 1: 0.0}]}"
3,0.1,0.26,1,log,lasso,93.41694843558194,0.6902,0.5139086086205825,"{'branching': ['V1.8'], 'leaves': [{0: 0.0, 1: 1.0}, {0: 1.0, 1: 0.0}]}"
3,0.1,0.27,1,tree,linear,93.41694843558194,0.6902,0.5139086086205825,"{'branching': ['V1.8'], 'leaves': [{0: 0.0, 1: 1.0}, {0: 1.0, 1: 0.0}]}"
3,0.1,0.27,1,tree,lasso,93.41694843558194,0.6902,0.5139086086205825,"{'branching': ['V1.8'], 'leaves': [{0: 0.0, 1: 1.0}, {0: 1.0, 1: 0.0}]}"
3,0.1,0.27,1,log,linear,93.41694843558194,0.6902,0.5139086086205825,"{'branching': ['V1.8'], 'leaves': [{0: 0.0, 1: 1.0}, {0: 1.0, 1: 0.0}]}"
3,0.1,0.27,1,log,lasso,93.41694843558194,0.6902,0.5139086086205825,"{'branching': ['V1.8'], 'leaves': [{0: 0.0, 1: 1.0}, {0: 1.0, 1: 0.0}]}"
3,0.1,0.28,1,tree,linear,93.41694843558194,0.6902,0.5139086086205825,"{'branching': ['V1.8'], 'leaves': [{0: 0.0, 1: 1.0}, {0: 1.0, 1: 0.0}]}"
3,0.1,0.28,1,tree,lasso,93.41694843558194,0.6902,0.5139086086205825,"{'branching': ['V1.8'], 'leaves': [{0: 0.0, 1: 1.0}, {0: 1.0, 1: 0.0}]}"
3,0.1,0.28,1,log,linear,93.41694843558194,0.6902,0.5139086086205825,"{'branching': ['V1.8'], 'leaves': [{0: 0.0, 1: 1.0}, {0: 1.0, 1: 0.0}]}"
3,0.1,0.28,1,log,lasso,93.41694843558194,0.6902,0.5139086086205825,"{'branching': ['V1.8'], 'leaves': [{0: 0.0, 1: 1.0}, {0: 1.0, 1: 0.0}]}"
3,0.1,0.29,1,tree,linear,93.41694843558194,0.6902,0.5139086086205825,"{'branching': ['V1.8'], 'leaves': [{0: 0.0, 1: 1.0}, {0: 1.0, 1: 0.0}]}"
3,0.1,0.29,1,tree,lasso,93.41694843558194,0.6902,0.5139086086205825,"{'branching': ['V1.8'], 'leaves': [{0: 0.0, 1: 1.0}, {0: 1.0, 1: 0.0}]}"
3,0.1,0.29,1,log,linear,93.41694843558194,0.6902,0.5139086086205825,"{'branching': ['V1.8'], 'leaves': [{0: 0.0, 1: 1.0}, {0: 1.0, 1: 0.0}]}"
3,0.1,0.29,1,log,lasso,93.41694843558194,0.6902,0.5139086086205825,"{'branching': ['V1.8'], 'leaves': [{0: 0.0, 1: 1.0}, {0: 1.0, 1: 0.0}]}"
3,0.1,0.3,1,tree,linear,93.41694843558194,0.6902,0.5139086086205825,"{'branching': ['V1.8'], 'leaves': [{0: 0.0, 1: 1.0}, {0: 1.0, 1: 0.0}]}"
3,0.1,0.3,1,tree,lasso,93.41694843558194,0.6902,0.5139086086205825,"{'branching': ['V1.8'], 'leaves': [{0: 0.0, 1: 1.0}, {0: 1.0, 1: 0.0}]}"
3,0.1,0.3,1,log,linear,93.41694843558194,0.6902,0.5139086086205825,"{'branching': ['V1.8'], 'leaves': [{0: 0.0, 1: 1.0}, {0: 1.0, 1: 0.0}]}"
3,0.1,0.3,1,log,lasso,93.41694843558194,0.6902,0.5139086086205825,"{'branching': ['V1.8'], 'leaves': [{0: 0.0, 1: 1.0}, {0: 1.0, 1: 0.0}]}"
3,0.1,0.31,1,tree,linear,93.41694843558194,0.6902,0.5139086086205825,"{'branching': ['V1.8'], 'leaves': [{0: 0.0, 1: 1.0}, {0: 1.0, 1: 0.0}]}"
3,0.1,0.31,1,tree,lasso,93.41694843558194,0.6902,0.5139086086205825,"{'branching': ['V1.8'], 'leaves': [{0: 0.0, 1: 1.0}, {0: 1.0, 1: 0.0}]}"
3,0.1,0.31,1,log,linear,93.41694843558194,0.6902,0.5139086086205825,"{'branching': ['V1.8'], 'leaves': [{0: 0.0, 1: 1.0}, {0: 1.0, 1: 0.0}]}"
3,0.1,0.31,1,log,lasso,93.41694843558194,0.6902,0.5139086086205825,"{'branching': ['V1.8'], 'leaves': [{0: 0.0, 1: 1.0}, {0: 1.0, 1: 0.0}]}"
3,0.1,0.32,1,tree,linear,93.416948435582,0.6902,0.5139086086205825,"{'branching': ['V1.8'], 'leaves': [{0: 1.4432899320127035e-15, 1: 0.9999999999999987}, {0: 0.9999999999999997, 1: 3.608224830031759e-16}]}"
3,0.1,0.32,1,tree,lasso,93.41694843558194,0.6902,0.5139086086205825,"{'branching': ['V1.8'], 'leaves': [{0: 0.0, 1: 1.0}, {0: 1.0, 1: 0.0}]}"
3,0.1,0.32,1,log,linear,93.41694843558194,0.6902,0.5139086086205825,"{'branching': ['V1.8'], 'leaves': [{0: 0.0, 1: 1.0}, {0: 1.0, 1: 0.0}]}"
3,0.1,0.32,1,log,lasso,93.41694843558194,0.6902,0.5139086086205825,"{'branching': ['V1.8'], 'leaves': [{0: 0.0, 1: 1.0}, {0: 1.0, 1: 0.0}]}"
3,0.1,0.33,1,tree,linear,93.41694843558189,0.6902,0.5139086086205825,"{'branching': ['V1.8'], 'leaves': [{0: 4.440892098500626e-16, 1: 0.9999999999999998}, {0: 0.9999999999999998, 1: 1.6653345369377348e-16}]}"
3,0.1,0.33,1,tree,lasso,93.41694843558194,0.6902,0.5139086086205825,"{'branching': ['V1.8'], 'leaves': [{0: 0.0, 1: 1.0}, {0: 1.0, 1: 0.0}]}"
3,0.1,0.33,1,log,linear,93.41694843558194,0.6902,0.5139086086205825,"{'branching': ['V1.8'], 'leaves': [{0: 0.0, 1: 1.0}, {0: 1.0, 1: 0.0}]}"
3,0.1,0.33,1,log,lasso,93.41694843558236,0.6902,0.5139086086205825,"{'branching': ['V1.8'], 'leaves': [{0: 0.0, 1: 1.0}, {0: 0.9999999999999957, 1: 4.3576253716537394e-15}]}"
3,0.1,0.34,1,tree,linear,93.41694843558194,0.6902,0.5139086086205825,"{'branching': ['V1.8'], 'leaves': [{0: 0.0, 1: 1.0}, {0: 1.0, 1: 0.0}]}"
3,0.1,0.34,1,tree,lasso,93.41694843558194,0.6902,0.5139086086205825,"{'branching': ['V1.8'], 'leaves': [{0: 0.0, 1: 1.0}, {0: 1.0, 1: 0.0}]}"
3,0.1,0.34,1,log,linear,93.41694843558194,0.6902,0.5139086086205825,"{'branching': ['V1.8'], 'leaves': [{0: 0.0, 1: 1.0}, {0: 1.0, 1: 0.0}]}"
3,0.1,0.34,1,log,lasso,93.41694843558194,0.6902,0.5139086086205825,"{'branching': ['V1.8'], 'leaves': [{0: 0.0, 1: 1.0}, {0: 1.0, 1: 0.0}]}"
3,0.1,0.35,1,tree,linear,93.41694843558194,0.6902,0.5139086086205825,"{'branching': ['V1.8'], 'leaves': [{0: 0.0, 1: 1.0}, {0: 1.0, 1: 0.0}]}"
3,0.1,0.35,1,tree,lasso,93.41694843558194,0.6902,0.5139086086205825,"{'branching': ['V1.8'], 'leaves': [{0: 0.0, 1: 1.0}, {0: 1.0, 1: 0.0}]}"
3,0.1,0.35,1,log,linear,93.41694843558194,0.6902,0.5139086086205825,"{'branching': ['V1.8'], 'leaves': [{0: 0.0, 1: 1.0}, {0: 1.0, 1: 0.0}]}"
3,0.1,0.35,1,log,lasso,93.41694843558194,0.6902,0.5139086086205825,"{'branching': ['V1.8'], 'leaves': [{0: 0.0, 1: 1.0}, {0: 1.0, 1: 0.0}]}"
3,0.1,0.36,1,tree,linear,93.41694843558194,0.6902,0.5139086086205825,"{'branching': ['V1.8'], 'leaves': [{0: 0.0, 1: 1.0}, {0: 1.0, 1: 0.0}]}"
3,0.1,0.36,1,tree,lasso,93.41694843558194,0.6902,0.5139086086205825,"{'branching': ['V1.8'], 'leaves': [{0: 0.0, 1: 1.0}, {0: 1.0, 1: 0.0}]}"
3,0.1,0.36,1,log,linear,93.41694843558194,0.6902,0.5139086086205825,"{'branching': ['V1.8'], 'leaves': [{0: 0.0, 1: 1.0}, {0: 1.0, 1: 0.0}]}"
3,0.1,0.36,1,log,lasso,93.41694843558194,0.6902,0.5139086086205825,"{'branching': ['V1.8'], 'leaves': [{0: 0.0, 1: 1.0}, {0: 1.0, 1: 0.0}]}"
3,0.1,0.37,1,tree,linear,93.41694843558088,0.6902,0.5139086086205827,"{'branching': ['V1.8'], 'leaves': [{0: 0.0, 1: 1.0000000000000002}, {0: 1.0000000000000002, 1: 0.0}]}"
3,0.1,0.37,1,tree,lasso,93.41694843558194,0.6902,0.5139086086205825,"{'branching': ['V1.8'], 'leaves': [{0: 0.0, 1: 1.0}, {0: 1.0, 1: 0.0}]}"
3,0.1,0.37,1,log,linear,93.41694843558194,0.6902,0.5139086086205825,"{'branching': ['V1.8'], 'leaves': [{0: 5.551115123125783e-17, 1: 1.0}, {0: 1.0, 1: 0.0}]}"
3,0.1,0.37,1,log,lasso,93.41694843559092,0.6902,0.5139086086205819,"{'branching': ['V1.8'], 'leaves': [{0: 2.3980817331903375e-14, 1: 0.999999999999976}, {0: 0.999999999999952, 1: 4.796163466380676e-14}]}"
3,0.1,0.38,1,tree,linear,93.41694843558194,0.6902,0.5139086086205825,"{'branching': ['V1.8'], 'leaves': [{0: 0.0, 1: 1.0}, {0: 1.0, 1: 0.0}]}"
3,0.1,0.38,1,tree,lasso,93.41694843558194,0.6902,0.5139086086205825,"{'branching': ['V1.8'], 'leaves': [{0: 0.0, 1: 1.0}, {0: 1.0, 1: 0.0}]}"
3,0.1,0.38,1,log,linear,93.41694843558194,0.6902,0.5139086086205825,"{'branching': ['V1.8'], 'leaves': [{0: 0.0, 1: 1.0}, {0: 1.0, 1: 0.0}]}"
3,0.1,0.38,1,log,lasso,93.41694843558194,0.6902,0.5139086086205825,"{'branching': ['V1.8'], 'leaves': [{0: 0.0, 1: 1.0}, {0: 1.0, 1: 0.0}]}"
3,0.1,0.39,1,tree,linear,93.416948435582,0.6902,0.5139086086205825,"{'branching': ['V1.8'], 'leaves': [{0: 1.1102230246251565e-16, 1: 0.9999999999999999}, {0: 1.0, 1: 5.551115123125783e-17}]}"
3,0.1,0.39,1,tree,lasso,93.41694843558194,0.6902,0.5139086086205825,"{'branching': ['V1.8'], 'leaves': [{0: 0.0, 1: 1.0}, {0: 1.0, 1: 0.0}]}"
3,0.1,0.39,1,log,linear,93.41694843558194,0.6902,0.5139086086205825,"{'branching': ['V1.8'], 'leaves': [{0: 0.0, 1: 1.0}, {0: 1.0, 1: 0.0}]}"
3,0.1,0.39,1,log,lasso,93.41694843558194,0.6902,0.5139086086205825,"{'branching': ['V1.8'], 'leaves': [{0: 0.0, 1: 1.0}, {0: 1.0, 1: 0.0}]}"
3,0.1,0.4,1,tree,linear,93.41694843558194,0.6902,0.5139086086205825,"{'branching': ['V1.8'], 'leaves': [{0: 0.0, 1: 1.0}, {0: 1.0, 1: 0.0}]}"
3,0.1,0.4,1,tree,lasso,93.41694843558194,0.6902,0.5139086086205825,"{'branching': ['V1.8'], 'leaves': [{0: 0.0, 1: 1.0}, {0: 1.0, 1: 0.0}]}"
3,0.1,0.4,1,log,linear,93.41694843558194,0.6902,0.5139086086205825,"{'branching': ['V1.8'], 'leaves': [{0: 0.0, 1: 1.0}, {0: 1.0, 1: 0.0}]}"
3,0.1,0.4,1,log,lasso,93.4169484355817,0.6902,0.5139086086205825,"{'branching': ['V1.8'], 'leaves': [{0: 0.0, 1: 1.0000000000000002}, {0: 1.0, 1: 0.0}]}"
4,0.1,0.05,1,tree,linear,222.36104017975623,0.471,0.5023937727443368,"{'branching': ['V1.9'], 'leaves': [{0: 0.5454545454545454, 1: 0.4545454545454546}, {0: 1.0, 1: 0.0}]}"
4,0.1,0.05,1,tree,lasso,264.74850019859144,0.4241,0.4981550267424524,"{'branching': ['V1.1'], 'leaves': [{0: 1.0, 1: 0.0}, {0: 1.0, 1: 0.0}]}"
4,0.1,0.05,1,log,linear,222.36104017975623,0.4716,0.5023937727443368,"{'branching': ['V1.9'], 'leaves': [{0: 0.5454545454545454, 1: 0.4545454545454546}, {0: 1.0, 1: 0.0}]}"
4,0.1,0.06,1,tree,linear,213.8835481759892,0.4819,0.5032415219447134,"{'branching': ['V1.9'], 'leaves': [{0: 0.45454545454545453, 1: 0.5454545454545454}, {0: 1.0, 1: 0.0}]}"
4,0.1,0.06,1,tree,lasso,264.74850019859144,0.4241,0.4981550267424524,"{'branching': ['V1.1'], 'leaves': [{0: 1.0, 1: 0.0}, {0: 1.0, 1: 0.0}]}"
4,0.1,0.06,1,log,linear,213.8835481759892,0.4787,0.5032415219447134,"{'branching': ['V1.9'], 'leaves': [{0: 0.4545454545454546, 1: 0.5454545454545454}, {0: 1.0, 1: 0.0}]}"
4,0.1,0.06,1,log,lasso,309.2015269027608,0.3608,0.4937097240720363,"{'branching': ['V1.1'], 'leaves': [{0: 1.0, 1: 0.0}, {0: 0.4, 1: 0.6}]}"
4,0.1,0.07,1,tree,linear,205.4060561722221,0.4908,0.5040892711450905,"{'branching': ['V1.9'], 'leaves': [{0: 0.36363636363636365, 1: 0.6363636363636364}, {0: 1.0, 1: 0.0}]}"
4,0.1,0.07,1,tree,lasso,264.74850019859144,0.4241,0.4981550267424524,"{'branching': ['V1.1'], 'leaves': [{0: 1.0, 1: 0.0}, {0: 1.0, 1: 0.0}]}"
4,0.1,0.07,1,log,linear,205.4060561722221,0.4878,0.5040892711450905,"{'branching': ['V1.9'], 'leaves': [{0: 0.36363636363636354, 1: 0.6363636363636365}, {0: 1.0, 1: 0.0}]}"
4,0.1,0.07,1,log,lasso,316.61036468678907,0.352,0.492968840293634,"{'branching': ['V1.1'], 'leaves': [{0: 1.0, 1: 0.0}, {0: 0.30000000000000004, 1: 0.7}]}"
4,0.1,0.08,1,tree,linear,196.92856416845504,0.5027,0.5049370203454667,"{'branching': ['V1.9'], 'leaves': [{0: 0.2727272727272726, 1: 0.7272727272727274}, {0: 1.0, 1: 0.0}]}"
4,0.1,0.08,1,tree,lasso,264.74850019859144,0.4241,0.4981550267424524,"{'branching': ['V1.1'], 'leaves': [{0: 1.0, 1: 0.0}, {0: 1.0, 1: 0.0}]}"
4,0.1,0.08,1,log,linear,196.92856416845504,0.5007,0.5049370203454667,"{'branching': ['V1.9'], 'leaves': [{0: 0.2727272727272727, 1: 0.7272727272727273}, {0: 1.0, 1: 0.0}]}"
4,0.1,0.08,1,log,lasso,324.0192024708173,0.3415,0.4922279565152308,"{'branching': ['V1.1'], 'leaves': [{0: 1.0, 1: 0.0}, {0: 0.19999999999999996, 1: 0.8}]}"
4,0.1,0.09,1,tree,linear,188.451072164688,0.5098,0.5057847695458436,"{'branching': ['V1.9'], 'leaves': [{0: 0.18181818181818182, 1: 0.8181818181818181}, {0: 1.0, 1: 0.0}]}"
4,0.1,0.09,1,tree,lasso,264.74850019859144,0.4241,0.4981550267424524,"{'branching': ['V1.1'], 'leaves': [{0: 1.0, 1: 0.0}, {0: 1.0, 1: 0.0}]}"
4,0.1,0.09,1,log,linear,188.451072164688,0.5071,0.5057847695458436,"{'branching': ['V1.9'], 'leaves': [{0: 0.18181818181818182, 1: 0.8181818181818181}, {0: 1.0, 1: 0.0}]}"
4,0.1,0.09,1,log,lasso,331.4280402548455,0.3316,0.4914870727368272,"{'branching': ['V1.1'], 'leaves': [{0: 1.0, 1: 0.0}, {0: 0.09999999999999998, 1: 0.9}]}"
4,0.1,0.1,1,tree,linear,179.97358016092096,0.5181,0.5066325187462212,"{'branching': ['V1.9'], 'leaves': [{0: 0.09090909090909091, 1: 0.9090909090909091}, {0: 1.0, 1: 0.0}]}"
4,0.1,0.1,1,tree,lasso,264.74850019859144,0.4241,0.4981550267424524,"{'branching': ['V1.1'], 'leaves': [{0: 1.0, 1: 0.0}, {0: 1.0, 1: 0.0}]}"
4,0.1,0.1,1,log,linear,179.9735801609209,0.5198,0.5066325187462212,"{'branching': ['V1.9'], 'leaves': [{0: 0.09090909090909087, 1: 0.9090909090909092}, {0: 1.0, 1: 0.0}]}"
4,0.1,0.1,1,log,lasso,338.8368780388737,0.3227,0.490746188958424,"{'branching': ['V1.1'], 'leaves': [{0: 1.0, 1: 0.0}, {0: 0.0, 1: 1.0}]}"
4,0.1,0.11,1,tree,linear,171.49608815715388,0.5279,0.5074802679465963,"{'branching': ['V1.9'], 'leaves': [{0: 0.0, 1: 1.0}, {0: 1.0, 1: 0.0}]}"
4,0.1,0.11,1,tree,lasso,264.74850019859144,0.4241,0.4981550267424524,"{'branching': ['V1.1'], 'leaves': [{0: 1.0, 1: 0.0}, {0: 1.0, 1: 0.0}]}"
4,0.1,0.11,1,log,linear,171.49608815715578,0.5279,0.5074802679465961,"{'branching': ['V1.9'], 'leaves': [{0: 0.0, 1: 1.0}, {0: 0.9999999999999996, 1: 0.0}]}"
4,0.1,0.11,1,log,lasso,338.8368780388737,0.3227,0.490746188958424,"{'branching': ['V1.1'], 'leaves': [{0: 1.0, 1: 0.0}, {0: 0.0, 1: 1.0}]}"
4,0.1,0.12,1,tree,linear,171.49608815715388,0.5279,0.5074802679465963,"{'branching': ['V1.9'], 'leaves': [{0: 0.0, 1: 1.0}, {0: 1.0, 1: 0.0}]}"
4,0.1,0.12,1,tree,lasso,264.74850019859144,0.4241,0.4981550267424524,"{'branching': ['V1.1'], 'leaves': [{0: 1.0, 1: 0.0}, {0: 1.0, 1: 0.0}]}"
4,0.1,0.12,1,log,linear,171.49608815715388,0.5279,0.5074802679465963,"{'branching': ['V1.9'], 'leaves': [{0: 0.0, 1: 1.0}, {0: 1.0, 1: 0.0}]}"
4,0.1,0.12,1,log,lasso,338.8368780388737,0.3227,0.490746188958424,"{'branching': ['V1.1'], 'leaves': [{0: 1.0, 1: 0.0}, {0: 0.0, 1: 1.0}]}"
4,0.1,0.13,1,tree,linear,171.49608815715388,0.5279,0.5074802679465963,"{'branching': ['V1.9'], 'leaves': [{0: 0.0, 1: 1.0}, {0: 1.0, 1: 0.0}]}"
4,0.1,0.13,1,tree,lasso,264.74850019859144,0.4241,0.4981550267424524,"{'branching': ['V1.1'], 'leaves': [{0: 1.0, 1: 0.0}, {0: 1.0, 1: 0.0}]}"
4,0.1,0.13,1,log,linear,171.49608815715388,0.5279,0.5074802679465963,"{'branching': ['V1.9'], 'leaves': [{0: 0.0, 1: 1.0}, {0: 1.0, 1: 0.0}]}"
4,0.1,0.13,1,log,lasso,338.8368780388737,0.3227,0.490746188958424,"{'branching': ['V1.1'], 'leaves': [{0: 1.0, 1: 0.0}, {0: 0.0, 1: 1.0}]}"
4,0.1,0.14,1,tree,linear,171.49608815715388,0.5279,0.5074802679465963,"{'branching': ['V1.9'], 'leaves': [{0: 0.0, 1: 1.0}, {0: 1.0, 1: 0.0}]}"
4,0.1,0.14,1,tree,lasso,264.74850019859144,0.4241,0.4981550267424524,"{'branching': ['V1.1'], 'leaves': [{0: 1.0, 1: 0.0}, {0: 1.0, 1: 0.0}]}"
4,0.1,0.14,1,log,linear,171.49608815715388,0.5279,0.5074802679465963,"{'branching': ['V1.9'], 'leaves': [{0: 0.0, 1: 1.0}, {0: 1.0, 1: 0.0}]}"
4,0.1,0.14,1,log,lasso,338.8368780388737,0.3227,0.490746188958424,"{'branching': ['V1.1'], 'leaves': [{0: 1.0, 1: 0.0}, {0: 0.0, 1: 1.0}]}"
4,0.1,0.15,1,tree,linear,171.49608815715388,0.5279,0.5074802679465963,"{'branching': ['V1.9'], 'leaves': [{0: 0.0, 1: 1.0}, {0: 1.0, 1: 0.0}]}"
4,0.1,0.15,1,tree,lasso,264.74850019859144,0.4241,0.4981550267424524,"{'branching': ['V1.1'], 'leaves': [{0: 1.0, 1: 0.0}, {0: 1.0, 1: 0.0}]}"
4,0.1,0.15,1,log,linear,171.49608815715388,0.5279,0.5074802679465963,"{'branching': ['V1.9'], 'leaves': [{0: 0.0, 1: 1.0}, {0: 1.0, 1: 0.0}]}"
4,0.1,0.15,1,log,lasso,338.8368780388737,0.3227,0.490746188958424,"{'branching': ['V1.1'], 'leaves': [{0: 1.0, 1: 0.0}, {0: 0.0, 1: 1.0}]}"
4,0.1,0.16,1,tree,linear,171.49608815715388,0.5279,0.5074802679465963,"{'branching': ['V1.9'], 'leaves': [{0: 0.0, 1: 1.0}, {0: 1.0, 1: 0.0}]}"
4,0.1,0.16,1,tree,lasso,264.74850019859144,0.4241,0.4981550267424524,"{'branching': ['V1.1'], 'leaves': [{0: 1.0, 1: 0.0}, {0: 1.0, 1: 0.0}]}"
4,0.1,0.16,1,log,linear,145.28440940845147,0.5819,0.5101014358214669,"{'branching': ['V1.8'], 'leaves': [{0: 0.22330097087378645, 1: 0.7766990291262136}, {0: 1.0, 1: 0.0}]}"
4,0.1,0.16,1,log,lasso,338.8368780388737,0.3227,0.490746188958424,"{'branching': ['V1.1'], 'leaves': [{0: 1.0, 1: 0.0}, {0: 0.0, 1: 1.0}]}"
4,0.1,0.17,1,tree,linear,137.81790373406778,0.5906,0.5108480863889042,"{'branching': ['V1.8'], 'leaves': [{0: 0.17475728155339806, 1: 0.8252427184466019}, {0: 1.0, 1: 0.0}]}"
4,0.1,0.17,1,tree,lasso,264.74850019859144,0.4241,0.4981550267424524,"{'branching': ['V1.1'], 'leaves': [{0: 1.0, 1: 0.0}, {0: 1.0, 1: 0.0}]}"
4,0.1,0.17,1,log,linear,137.81790373406778,0.593,0.5108480863889042,"{'branching': ['V1.8'], 'leaves': [{0: 0.17475728155339806, 1: 0.8252427184466019}, {0: 1.0, 1: 0.0}]}"
4,0.1,0.17,1,log,lasso,338.8368780388737,0.3227,0.490746188958424,"{'branching': ['V1.1'], 'leaves': [{0: 1.0, 1: 0.0}, {0: 0.0, 1: 1.0}]}"
4,0.1,0.18,1,tree,linear,130.35139805968393,0.6025,0.511594736956343,"{'branching': ['V1.8'], 'leaves': [{0: 0.1262135922330097, 1: 0.8737864077669903}, {0: 1.0, 1: 0.0}]}"
4,0.1,0.18,1,tree,lasso,264.74850019859144,0.4241,0.4981550267424524,"{'branching': ['V1.1'], 'leaves': [{0: 1.0, 1: 0.0}, {0: 1.0, 1: 0.0}]}"
4,0.1,0.18,1,log,linear,130.35139805968396,0.6019,0.511594736956343,"{'branching': ['V1.8'], 'leaves': [{0: 0.12621359223300968, 1: 0.8737864077669903}, {0: 1.0, 1: 0.0}]}"
4,0.1,0.18,1,log,lasso,338.8368780388737,0.3227,0.490746188958424,"{'branching': ['V1.1'], 'leaves': [{0: 1.0, 1: 0.0}, {0: 0.0, 1: 1.0}]}"
4,0.1,0.19,1,tree,linear,122.88489238530022,0.6089,0.5123413875237819,"{'branching': ['V1.8'], 'leaves': [{0: 0.07766990291262135, 1: 0.9223300970873787}, {0: 1.0, 1: 0.0}]}"
4,0.1,0.19,1,tree,lasso,264.74850019859144,0.4241,0.4981550267424524,"{'branching': ['V1.1'], 'leaves': [{0: 1.0, 1: 0.0}, {0: 1.0, 1: 0.0}]}"
4,0.1,0.19,1,log,linear,122.8848923853002,0.61,0.5123413875237819,"{'branching': ['V1.8'], 'leaves': [{0: 0.07766990291262137, 1: 0.9223300970873787}, {0: 1.0, 1: 0.0}]}"
4,0.1,0.19,1,log,lasso,338.8368780388737,0.3227,0.490746188958424,"{'branching': ['V1.1'], 'leaves': [{0: 1.0, 1: 0.0}, {0: 0.0, 1: 1.0}]}"
4,0.1,0.2,1,tree,linear,115.41838671091648,0.6221,0.5130880380912196,"{'branching': ['V1.8'], 'leaves': [{0: 0.02912621359223301, 1: 0.970873786407767}, {0: 1.0, 1: 0.0}]}"
4,0.1,0.2,1,tree,lasso,264.74850019859144,0.4241,0.4981550267424524,"{'branching': ['V1.1'], 'leaves': [{0: 1.0, 1: 0.0}, {0: 1.0, 1: 0.0}]}"
4,0.1,0.2,1,log,linear,115.41838671091648,0.6215,0.5130880380912196,"{'branching': ['V1.8'], 'leaves': [{0: 0.02912621359223301, 1: 0.970873786407767}, {0: 1.0, 1: 0.0}]}"
4,0.1,0.2,1,log,lasso,338.8368780388737,0.3227,0.490746188958424,"{'branching': ['V1.1'], 'leaves': [{0: 1.0, 1: 0.0}, {0: 0.0, 1: 1.0}]}"
4,0.1,0.21,1,tree,linear,110.93848330628626,0.6272,0.5135360284316813,"{'branching': ['V1.8'], 'leaves': [{0: 0.0, 1: 1.0}, {0: 1.0, 1: 0.0}]}"
4,0.1,0.21,1,tree,lasso,264.74850019859144,0.4241,0.4981550267424524,"{'branching': ['V1.1'], 'leaves': [{0: 1.0, 1: 0.0}, {0: 1.0, 1: 0.0}]}"
4,0.1,0.21,1,log,linear,110.93848330628626,0.6272,0.5135360284316813,"{'branching': ['V1.8'], 'leaves': [{0: 0.0, 1: 1.0}, {0: 1.0, 1: 0.0}]}"
4,0.1,0.21,1,log,lasso,338.8368780388737,0.3227,0.490746188958424,"{'branching': ['V1.1'], 'leaves': [{0: 1.0, 1: 0.0}, {0: 0.0, 1: 1.0}]}"
4,0.1,0.22,1,tree,linear,110.93848330628626,0.6272,0.5135360284316813,"{'branching': ['V1.8'], 'leaves': [{0: 0.0, 1: 1.0}, {0: 1.0, 1: 0.0}]}"
4,0.1,0.22,1,tree,lasso,264.74850019859144,0.4241,0.4981550267424524,"{'branching': ['V1.1'], 'leaves': [{0: 1.0, 1: 0.0}, {0: 1.0, 1: 0.0}]}"
4,0.1,0.22,1,log,linear,110.93848330628626,0.6272,0.5135360284316813,"{'branching': ['V1.8'], 'leaves': [{0: 0.0, 1: 1.0}, {0: 1.0, 1: 0.0}]}"
4,0.1,0.22,1,log,lasso,338.8368780388737,0.3227,0.490746188958424,"{'branching': ['V1.1'], 'leaves': [{0: 1.0, 1: 0.0}, {0: 0.0, 1: 1.0}]}"
4,0.1,0.23,1,tree,linear,110.93848330628626,0.6272,0.5135360284316813,"{'branching': ['V1.8'], 'leaves': [{0: 0.0, 1: 1.0}, {0: 1.0, 1: 0.0}]}"
4,0.1,0.23,1,tree,lasso,264.74850019859144,0.4241,0.4981550267424524,"{'branching': ['V1.1'], 'leaves': [{0: 1.0, 1: 0.0}, {0: 1.0, 1: 0.0}]}"
4,0.1,0.23,1,log,linear,110.93848330628626,0.6272,0.5135360284316813,"{'branching': ['V1.8'], 'leaves': [{0: 0.0, 1: 1.0}, {0: 1.0, 1: 0.0}]}"
4,0.1,0.23,1,log,lasso,338.8368780388737,0.3227,0.490746188958424,"{'branching': ['V1.1'], 'leaves': [{0: 1.0, 1: 0.0}, {0: 0.0, 1: 1.0}]}"
4,0.1,0.24,1,tree,linear,110.93848330628626,0.6272,0.5135360284316813,"{'branching': ['V1.8'], 'leaves': [{0: 0.0, 1: 1.0}, {0: 1.0, 1: 0.0}]}"
4,0.1,0.24,1,tree,lasso,264.74850019859144,0.4241,0.4981550267424524,"{'branching': ['V1.1'], 'leaves': [{0: 1.0, 1: 0.0}, {0: 1.0, 1: 0.0}]}"
4,0.1,0.24,1,log,linear,110.93848330628626,0.6272,0.5135360284316813,"{'branching': ['V1.8'], 'leaves': [{0: 0.0, 1: 1.0}, {0: 1.0, 1: 0.0}]}"
4,0.1,0.24,1,log,lasso,338.8368780388737,0.3227,0.490746188958424,"{'branching': ['V1.1'], 'leaves': [{0: 1.0, 1: 0.0}, {0: 0.0, 1: 1.0}]}"
4,0.1,0.25,1,tree,linear,110.93848330628626,0.6272,0.5135360284316813,"{'branching': ['V1.8'], 'leaves': [{0: 0.0, 1: 1.0}, {0: 1.0, 1: 0.0}]}"
4,0.1,0.25,1,tree,lasso,264.74850019859144,0.4241,0.4981550267424524,"{'branching': ['V1.1'], 'leaves': [{0: 1.0, 1: 0.0}, {0: 1.0, 1: 0.0}]}"
4,0.1,0.25,1,log,linear,110.93848330628626,0.6272,0.5135360284316813,"{'branching': ['V1.8'], 'leaves': [{0: 0.0, 1: 1.0}, {0: 1.0, 1: 0.0}]}"
4,0.1,0.25,1,log,lasso,338.8368780388737,0.3227,0.490746188958424,"{'branching': ['V1.1'], 'leaves': [{0: 1.0, 1: 0.0}, {0: 0.0, 1: 1.0}]}"
4,0.1,0.26,1,tree,linear,110.93848330628626,0.6272,0.5135360284316813,"{'branching': ['V1.8'], 'leaves': [{0: 0.0, 1: 1.0}, {0: 1.0, 1: 0.0}]}"
4,0.1,0.26,1,tree,lasso,264.74850019859144,0.4241,0.4981550267424524,"{'branching': ['V1.1'], 'leaves': [{0: 1.0, 1: 0.0}, {0: 1.0, 1: 0.0}]}"
4,0.1,0.26,1,log,linear,110.93848330628626,0.6272,0.5135360284316813,"{'branching': ['V1.8'], 'leaves': [{0: 0.0, 1: 1.0}, {0: 1.0, 1: 0.0}]}"
4,0.1,0.26,1,log,lasso,338.8368780388737,0.3227,0.490746188958424,"{'branching': ['V1.1'], 'leaves': [{0: 1.0, 1: 0.0}, {0: 0.0, 1: 1.0}]}"
4,0.1,0.27,1,tree,linear,110.93848330628626,0.6272,0.5135360284316813,"{'branching': ['V1.8'], 'leaves': [{0: 0.0, 1: 1.0}, {0: 1.0, 1: 0.0}]}"
4,0.1,0.27,1,tree,lasso,264.74850019859144,0.4241,0.4981550267424524,"{'branching': ['V1.1'], 'leaves': [{0: 1.0, 1: 0.0}, {0: 1.0, 1: 0.0}]}"
4,0.1,0.27,1,log,linear,110.93848330628626,0.6272,0.5135360284316813,"{'branching': ['V1.8'], 'leaves': [{0: 0.0, 1: 1.0}, {0: 1.0, 1: 0.0}]}"
4,0.1,0.27,1,log,lasso,338.8368780388737,0.3227,0.490746188958424,"{'branching': ['V1.1'], 'leaves': [{0: 1.0, 1: 0.0}, {0: 0.0, 1: 1.0}]}"
4,0.1,0.28,1,tree,linear,110.93848330628626,0.6272,0.5135360284316813,"{'branching': ['V1.8'], 'leaves': [{0: 0.0, 1: 1.0}, {0: 1.0, 1: 0.0}]}"
4,0.1,0.28,1,tree,lasso,264.74850019859144,0.4241,0.4981550267424524,"{'branching': ['V1.1'], 'leaves': [{0: 1.0, 1: 0.0}, {0: 1.0, 1: 0.0}]}"
4,0.1,0.28,1,log,linear,110.93848330628626,0.6272,0.5135360284316813,"{'branching': ['V1.8'], 'leaves': [{0: 0.0, 1: 1.0}, {0: 1.0, 1: 0.0}]}"
4,0.1,0.28,1,log,lasso,338.8368780388737,0.3227,0.490746188958424,"{'branching': ['V1.1'], 'leaves': [{0: 1.0, 1: 0.0}, {0: 0.0, 1: 1.0}]}"
4,0.1,0.29,1,tree,linear,110.93848330628626,0.6272,0.5135360284316813,"{'branching': ['V1.8'], 'leaves': [{0: 0.0, 1: 1.0}, {0: 1.0, 1: 0.0}]}"
4,0.1,0.29,1,tree,lasso,264.74850019859144,0.4241,0.4981550267424524,"{'branching': ['V1.1'], 'leaves': [{0: 1.0, 1: 0.0}, {0: 1.0, 1: 0.0}]}"
4,0.1,0.29,1,log,linear,110.93848330628626,0.6272,0.5135360284316813,"{'branching': ['V1.8'], 'leaves': [{0: 0.0, 1: 1.0}, {0: 1.0, 1: 0.0}]}"
4,0.1,0.29,1,log,lasso,338.8368780388737,0.3227,0.490746188958424,"{'branching': ['V1.1'], 'leaves': [{0: 1.0, 1: 0.0}, {0: 0.0, 1: 1.0}]}"
4,0.1,0.3,1,tree,linear,110.93848330628626,0.6272,0.5135360284316813,"{'branching': ['V1.8'], 'leaves': [{0: 0.0, 1: 1.0}, {0: 1.0, 1: 0.0}]}"
4,0.1,0.3,1,tree,lasso,264.74850019859144,0.4241,0.4981550267424524,"{'branching': ['V1.1'], 'leaves': [{0: 1.0, 1: 0.0}, {0: 1.0, 1: 0.0}]}"
4,0.1,0.3,1,log,linear,110.93848330628626,0.6272,0.5135360284316813,"{'branching': ['V1.8'], 'leaves': [{0: 0.0, 1: 1.0}, {0: 1.0, 1: 0.0}]}"
4,0.1,0.3,1,log,lasso,338.8368780388737,0.3227,0.490746188958424,"{'branching': ['V1.1'], 'leaves': [{0: 1.0, 1: 0.0}, {0: 0.0, 1: 1.0}]}"
4,0.1,0.31,1,tree,linear,110.93848330628636,0.6272,0.5135360284316813,"{'branching': ['V1.8'], 'leaves': [{0: 1.1102230246251565e-16, 1: 0.9999999999999999}, {0: 0.9999999999999999, 1: 1.1102230246251565e-16}]}"
4,0.1,0.31,1,tree,lasso,264.74850019859144,0.4241,0.4981550267424524,"{'branching': ['V1.1'], 'leaves': [{0: 1.0, 1: 0.0}, {0: 1.0, 1: 0.0}]}"
4,0.1,0.31,1,log,linear,110.93848330628626,0.6272,0.5135360284316813,"{'branching': ['V1.8'], 'leaves': [{0: 0.0, 1: 1.0}, {0: 1.0, 1: 0.0}]}"
4,0.1,0.31,1,log,lasso,338.8368780388737,0.3227,0.490746188958424,"{'branching': ['V1.1'], 'leaves': [{0: 1.0, 1: 0.0}, {0: 0.0, 1: 1.0}]}"
4,0.1,0.32,1,tree,linear,110.93848330628626,0.6272,0.5135360284316813,"{'branching': ['V1.8'], 'leaves': [{0: 0.0, 1: 1.0}, {0: 1.0, 1: 0.0}]}"
4,0.1,0.32,1,tree,lasso,264.74850019859144,0.4241,0.4981550267424524,"{'branching': ['V1.1'], 'leaves': [{0: 1.0, 1: 0.0}, {0: 1.0, 1: 0.0}]}"
4,0.1,0.32,1,log,linear,110.93848330628626,0.6272,0.5135360284316813,"{'branching': ['V1.8'], 'leaves': [{0: 0.0, 1: 1.0}, {0: 1.0, 1: 0.0}]}"
4,0.1,0.32,1,log,lasso,338.8368780388737,0.3227,0.490746188958424,"{'branching': ['V1.1'], 'leaves': [{0: 1.0, 1: 0.0}, {0: 0.0, 1: 1.0}]}"
4,0.1,0.33,1,tree,linear,110.93848330628626,0.6272,0.5135360284316813,"{'branching': ['V1.8'], 'leaves': [{0: 0.0, 1: 1.0}, {0: 1.0, 1: 0.0}]}"
4,0.1,0.33,1,tree,lasso,264.74850019859144,0.4241,0.4981550267424524,"{'branching': ['V1.1'], 'leaves': [{0: 1.0, 1: 0.0}, {0: 1.0, 1: 0.0}]}"
4,0.1,0.33,1,log,linear,110.93848330628626,0.6272,0.5135360284316813,"{'branching': ['V1.8'], 'leaves': [{0: 0.0, 1: 1.0}, {0: 1.0, 1: 0.0}]}"
4,0.1,0.33,1,log,lasso,338.8368780388737,0.3227,0.490746188958424,"{'branching': ['V1.1'], 'leaves': [{0: 1.0, 1: 0.0}, {0: 0.0, 1: 1.0}]}"
4,0.1,0.34,1,tree,linear,110.93848330628626,0.6272,0.5135360284316813,"{'branching': ['V1.8'], 'leaves': [{0: 0.0, 1: 1.0}, {0: 1.0, 1: 0.0}]}"
4,0.1,0.34,1,tree,lasso,264.74850019859144,0.4241,0.4981550267424524,"{'branching': ['V1.1'], 'leaves': [{0: 1.0, 1: 0.0}, {0: 1.0, 1: 0.0}]}"
4,0.1,0.34,1,log,linear,110.93848330628626,0.6272,0.5135360284316813,"{'branching': ['V1.8'], 'leaves': [{0: 0.0, 1: 1.0}, {0: 1.0, 1: 0.0}]}"
4,0.1,0.34,1,log,lasso,338.8368780388737,0.3227,0.490746188958424,"{'branching': ['V1.1'], 'leaves': [{0: 1.0, 1: 0.0}, {0: 0.0, 1: 1.0}]}"
4,0.1,0.35,1,tree,linear,110.93848330628629,0.6272,0.5135360284316813,"{'branching': ['V1.8'], 'leaves': [{0: 1.1102230246251565e-16, 1: 0.9999999999999999}, {0: 1.0, 1: 5.551115123125783e-17}]}"
4,0.1,0.35,1,tree,lasso,264.74850019859144,0.4241,0.4981550267424524,"{'branching': ['V1.1'], 'leaves': [{0: 1.0, 1: 0.0}, {0: 1.0, 1: 0.0}]}"
4,0.1,0.35,1,log,linear,110.93848330628626,0.6272,0.5135360284316813,"{'branching': ['V1.8'], 'leaves': [{0: 0.0, 1: 1.0}, {0: 1.0, 1: 0.0}]}"
4,0.1,0.35,1,log,lasso,338.8368780388737,0.3227,0.490746188958424,"{'branching': ['V1.1'], 'leaves': [{0: 1.0, 1: 0.0}, {0: 0.0, 1: 1.0}]}"
4,0.1,0.36,1,tree,linear,110.93848330628626,0.6272,0.5135360284316813,"{'branching': ['V1.8'], 'leaves': [{0: 0.0, 1: 1.0}, {0: 1.0, 1: 0.0}]}"
4,0.1,0.36,1,tree,lasso,264.74850019859144,0.4241,0.4981550267424524,"{'branching': ['V1.1'], 'leaves': [{0: 1.0, 1: 0.0}, {0: 1.0, 1: 0.0}]}"
4,0.1,0.36,1,log,linear,110.93848330628626,0.6272,0.5135360284316813,"{'branching': ['V1.8'], 'leaves': [{0: 0.0, 1: 1.0}, {0: 1.0, 1: 0.0}]}"
4,0.1,0.36,1,log,lasso,338.8368780388737,0.3227,0.490746188958424,"{'branching': ['V1.1'], 'leaves': [{0: 1.0, 1: 0.0}, {0: 0.0, 1: 1.0}]}"
4,0.1,0.37,1,tree,linear,110.93848330628646,0.6272,0.5135360284316813,"{'branching': ['V1.8'], 'leaves': [{0: 0.0, 1: 0.9999999999999999}, {0: 1.0, 1: 0.0}]}"
4,0.1,0.37,1,tree,lasso,264.74850019859144,0.4241,0.4981550267424524,"{'branching': ['V1.1'], 'leaves': [{0: 1.0, 1: 0.0}, {0: 1.0, 1: 0.0}]}"
4,0.1,0.37,1,log,linear,110.93848330628626,0.6272,0.5135360284316813,"{'branching': ['V1.8'], 'leaves': [{0: 0.0, 1: 1.0}, {0: 1.0, 1: 0.0}]}"
4,0.1,0.37,1,log,lasso,338.8368780388737,0.3227,0.490746188958424,"{'branching': ['V1.1'], 'leaves': [{0: 1.0, 1: 0.0}, {0: 0.0, 1: 1.0}]}"
4,0.1,0.38,1,tree,linear,110.93848330628626,0.6272,0.5135360284316813,"{'branching': ['V1.8'], 'leaves': [{0: 0.0, 1: 1.0}, {0: 1.0, 1: 0.0}]}"
4,0.1,0.38,1,tree,lasso,264.74850019859144,0.4241,0.4981550267424524,"{'branching': ['V1.1'], 'leaves': [{0: 1.0, 1: 0.0}, {0: 1.0, 1: 0.0}]}"
4,0.1,0.38,1,log,linear,110.93848330628626,0.6272,0.5135360284316813,"{'branching': ['V1.8'], 'leaves': [{0: 0.0, 1: 1.0}, {0: 1.0, 1: 0.0}]}"
4,0.1,0.38,1,log,lasso,338.8368780388737,0.3227,0.490746188958424,"{'branching': ['V1.1'], 'leaves': [{0: 1.0, 1: 0.0}, {0: 0.0, 1: 1.0}]}"
4,0.1,0.39,1,tree,linear,110.93848330628626,0.6272,0.5135360284316813,"{'branching': ['V1.8'], 'leaves': [{0: 0.0, 1: 1.0}, {0: 1.0, 1: 0.0}]}"
4,0.1,0.39,1,tree,lasso,264.74850019859144,0.4241,0.4981550267424524,"{'branching': ['V1.1'], 'leaves': [{0: 1.0, 1: 0.0}, {0: 1.0, 1: 0.0}]}"
4,0.1,0.39,1,log,linear,110.93848330628626,0.6272,0.5135360284316813,"{'branching': ['V1.8'], 'leaves': [{0: 0.0, 1: 1.0}, {0: 1.0, 1: 0.0}]}"
4,0.1,0.39,1,log,lasso,338.8368780388737,0.3227,0.490746188958424,"{'branching': ['V1.1'], 'leaves': [{0: 1.0, 1: 0.0}, {0: 0.0, 1: 1.0}]}"
4,0.1,0.4,1,tree,linear,110.93848330628626,0.6272,0.5135360284316813,"{'branching': ['V1.8'], 'leaves': [{0: 0.0, 1: 1.0}, {0: 1.0, 1: 0.0}]}"
4,0.1,0.4,1,tree,lasso,264.74850019859144,0.4241,0.4981550267424524,"{'branching': ['V1.3'], 'leaves': [{0: 1.0, 1: 0.0}, {0: 1.0, 1: 0.0}]}"
4,0.1,0.4,1,log,linear,110.93848330628626,0.6272,0.5135360284316813,"{'branching': ['V1.8'], 'leaves': [{0: 0.0, 1: 1.0}, {0: 1.0, 1: 0.0}]}"
4,0.1,0.4,1,log,lasso,162.97113967719872,0.5717,0.5083327627945923,"{'branching': ['V2.5'], 'leaves': [{0: 1.0, 1: 0.0}, {0: 0.1935483870967742, 1: 0.8064516129032258}]}"
5,0.1,0.05,1,tree,linear,96.66755775323168,0.7054,0.5025302843613653,"{'branching': ['V1.9'], 'leaves': [{0: 0.5192307692307692, 1: 0.4807692307692308}, {0: 1.0, 1: 0.0}]}"
5,0.1,0.05,1,tree,lasso,104.7326723776501,0.6995,0.5017237728989228,"{'branching': ['V1.8'], 'leaves': [{0: 0.7474747474747474, 1: 0.2525252525252526}, {0: 1.0, 1: 0.0}]}"
5,0.1,0.05,1,log,linear,96.66755775323172,0.7079,0.5025302843613653,"{'branching': ['V1.9'], 'leaves': [{0: 0.5192307692307694, 1: 0.4807692307692305}, {0: 1.0, 1: 5.551115123125783e-17}]}"
5,0.1,0.05,1,log,lasso,96.66755775323168,0.7027,0.5025302843613653,"{'branching': ['V1.9'], 'leaves': [{0: 0.5192307692307692, 1: 0.4807692307692308}, {0: 1.0, 1: 0.0}]}"
5,0.1,0.06,1,tree,linear,90.25400200485032,0.7135,0.5031716399362025,"{'branching': ['V1.9'], 'leaves': [{0: 0.4230769230769225, 1: 0.5769230769230773}, {0: 0.9999999999999999, 1: 3.3306690738754696e-16}]}"
5,0.1,0.06,1,tree,lasso,99.93213955415304,0.711,0.5022038261812735,"{'branching': ['V1.8'], 'leaves': [{0: 0.696969696969697, 1: 0.30303030303030304}, {0: 1.0, 1: 0.0}]}"
5,0.1,0.06,1,log,linear,90.25400200485096,0.7147,0.5031716399362024,"{'branching': ['V1.9'], 'leaves': [{0: 0.42307692307692313, 1: 0.5769230769230769}, {0: 1.0, 1: 0.0}]}"
5,0.1,0.06,1,log,lasso,90.25400200485092,0.7119,0.5031716399362024,"{'branching': ['V1.9'], 'leaves': [{0: 0.423076923076923, 1: 0.576923076923077}, {0: 1.0, 1: 0.0}]}"
5,0.1,0.07,1,tree,linear,83.84044625647019,0.7245,0.5038129955110412,"{'branching': ['V1.9'], 'leaves': [{0: 0.3269230769230769, 1: 0.6730769230769231}, {0: 1.0, 1: 0.0}]}"
5,0.1,0.07,1,tree,lasso,95.13160673065607,0.7169,0.5026838794636226,"{'branching': ['V1.8'], 'leaves': [{0: 0.6464646464646465, 1: 0.3535353535353535}, {0: 1.0, 1: 0.0}]}"
5,0.1,0.07,1,log,linear,83.84044625647019,0.7202,0.5038129955110412,"{'branching': ['V1.9'], 'leaves': [{0: 0.3269230769230769, 1: 0.6730769230769231}, {0: 1.0, 1: 0.0}]}"
5,0.1,0.07,1,log,lasso,83.84044625647039,0.7242,0.5038129955110412,"{'branching': ['V1.9'], 'leaves': [{0: 0.3269230769230776, 1: 0.6730769230769222}, {0: 1.0, 1: 0.0}]}"
5,0.1,0.08,1,tree,linear,77.42689050808954,0.7313,0.5044543510858782,"{'branching': ['V1.9'], 'leaves': [{0: 0.2307692307692309, 1: 0.769230769230769}, {0: 1.0, 1: 0.0}]}"
5,0.1,0.08,1,tree,lasso,90.331073907159,0.7299,0.5031639327459725,"{'branching': ['V1.8'], 'leaves': [{0: 0.5959595959595959, 1: 0.4040404040404041}, {0: 1.0, 1: 0.0}]}"
5,0.1,0.08,1,log,linear,77.42689050808954,0.7324,0.5044543510858782,"{'branching': ['V1.9'], 'leaves': [{0: 0.23076923076923078, 1: 0.7692307692307692}, {0: 1.0, 1: 0.0}]}"
5,0.1,0.08,1,log,lasso,77.4268905080895,0.731,0.5044543510858782,"{'branching': ['V1.9'], 'leaves': [{0: 0.23076923076923073, 1: 0.7692307692307693}, {0: 1.0, 1: 0.0}]}"
5,0.1,0.09,1,tree,linear,71.01333475970877,0.7412,0.5050957066607173,"{'branching': ['V1.9'], 'leaves': [{0: 0.1346153846153846, 1: 0.8653846153846154}, {0: 1.0, 1: 0.0}]}"
5,0.1,0.09,1,tree,lasso,85.530541083662,0.735,0.5036439860283214,"{'branching': ['V1.8'], 'leaves': [{0: 0.5454545454545454, 1: 0.4545454545454546}, {0: 1.0, 1: 0.0}]}"
5,0.1,0.09,1,log,linear,71.01333475970877,0.7425,0.5050957066607173,"{'branching': ['V1.9'], 'leaves': [{0: 0.1346153846153846, 1: 0.8653846153846154}, {0: 1.0, 1: 0.0}]}"
5,0.1,0.09,1,log,lasso,71.01333475970877,0.7438,0.5050957066607173,"{'branching': ['V1.9'], 'leaves': [{0: 0.1346153846153846, 1: 0.8653846153846154}, {0: 1.0, 1: 0.0}]}"
5,0.1,0.1,1,tree,linear,64.59977901132801,0.7511,0.5057370622355554,"{'branching': ['V1.9'], 'leaves': [{0: 0.03846153846153852, 1: 0.9615384615384616}, {0: 1.0, 1: 0.0}]}"
5,0.1,0.1,1,tree,lasso,80.73000826016498,0.7419,0.5041240393106712,"{'branching': ['V1.8'], 'leaves': [{0: 0.4949494949494949, 1: 0.5050505050505051}, {0: 1.0, 1: 0.0}]}"
5,0.1,0.1,1,log,linear,64.59977901132808,0.7516,0.5057370622355554,"{'branching': ['V1.9'], 'leaves': [{0: 0.03846153846153842, 1: 0.9615384615384616}, {0: 1.0, 1: 0.0}]}"
5,0.1,0.1,1,log,lasso,64.59977901132812,0.7519,0.5057370622355554,"{'branching': ['V1.9'], 'leaves': [{0: 0.03846153846153844, 1: 0.9615384615384615}, {0: 1.0, 1: 0.0}]}"
5,0.1,0.11,1,tree,linear,62.034356711975775,0.756,0.5059936044654905,"{'branching': ['V1.9'], 'leaves': [{0: 0.0, 1: 1.0}, {0: 1.0, 1: 0.0}]}"
5,0.1,0.11,1,tree,lasso,75.92947543666796,0.7496,0.5046040925930202,"{'branching': ['V1.8'], 'leaves': [{0: 0.4444444444444444, 1: 0.5555555555555556}, {0: 1.0, 1: 0.0}]}"
5,0.1,0.11,1,log,linear,62.034356711975775,0.756,0.5059936044654905,"{'branching': ['V1.9'], 'leaves': [{0: 0.0, 1: 1.0}, {0: 1.0, 1: 0.0}]}"
5,0.1,0.11,1,log,lasso,62.034356711975775,0.756,0.5059936044654905,"{'branching': ['V1.9'], 'leaves': [{0: 0.0, 1: 1.0}, {0: 1.0, 1: 0.0}]}"
5,0.1,0.12,1,tree,linear,62.034356711975775,0.756,0.5059936044654905,"{'branching': ['V1.9'], 'leaves': [{0: 0.0, 1: 1.0}, {0: 1.0, 1: 0.0}]}"
5,0.1,0.12,1,tree,lasso,71.12894261317099,0.76,0.5050841458753716,"{'branching': ['V1.8'], 'leaves': [{0: 0.393939393939394, 1: 0.606060606060606}, {0: 1.0, 1: 0.0}]}"
5,0.1,0.12,1,log,linear,62.034356711975775,0.756,0.5059936044654905,"{'branching': ['V1.9'], 'leaves': [{0: 0.0, 1: 1.0}, {0: 1.0, 1: 0.0}]}"
5,0.1,0.12,1,log,lasso,62.034356711975775,0.756,0.5059936044654905,"{'branching': ['V1.9'], 'leaves': [{0: 0.0, 1: 1.0}, {0: 1.0, 1: 0.0}]}"
5,0.1,0.13,1,tree,linear,62.034356711975775,0.756,0.5059936044654905,"{'branching': ['V1.9'], 'leaves': [{0: 0.0, 1: 1.0}, {0: 1.0, 1: 0.0}]}"
5,0.1,0.13,1,tree,lasso,66.3284097896739,0.7705,0.5055641991577203,"{'branching': ['V1.8'], 'leaves': [{0: 0.3434343434343434, 1: 0.6565656565656566}, {0: 1.0, 1: 0.0}]}"
5,0.1,0.13,1,log,linear,62.034356711975775,0.756,0.5059936044654905,"{'branching': ['V1.9'], 'leaves': [{0: 0.0, 1: 1.0}, {0: 1.0, 1: 0.0}]}"
5,0.1,0.13,1,log,lasso,62.034356711975775,0.756,0.5059936044654905,"{'branching': ['V1.9'], 'leaves': [{0: 0.0, 1: 1.0}, {0: 1.0, 1: 0.0}]}"
5,0.1,0.14,1,tree,linear,61.52787696617687,0.7823,0.5060442524400706,"{'branching': ['V1.8'], 'leaves': [{0: 0.29292929292929293, 1: 0.7070707070707071}, {0: 1.0, 1: 0.0}]}"
5,0.1,0.14,1,tree,lasso,61.52787696617701,0.7779,0.5060442524400706,"{'branching': ['V1.8'], 'leaves': [{0: 0.29292929292929293, 1: 0.707070707070707}, {0: 1.0, 1: 0.0}]}"
5,0.1,0.14,1,log,linear,62.034356711975775,0.756,0.5059936044654905,"{'branching': ['V1.9'], 'leaves': [{0: 0.0, 1: 1.0}, {0: 1.0, 1: 0.0}]}"
5,0.1,0.14,1,log,lasso,62.034356711975775,0.756,0.5059936044654905,"{'branching': ['V1.9'], 'leaves': [{0: 0.0, 1: 1.0}, {0: 1.0, 1: 0.0}]}"
5,0.1,0.15,1,tree,linear,56.72734414267983,0.7873,0.5065243057224189,"{'branching': ['V1.8'], 'leaves': [{0: 0.24242424242424232, 1: 0.7575757575757577}, {0: 1.0, 1: 0.0}]}"
5,0.1,0.15,1,tree,lasso,56.727344142679705,0.7853,0.5065243057224189,"{'branching': ['V1.8'], 'leaves': [{0: 0.24242424242424232, 1: 0.7575757575757578}, {0: 1.0, 1: 0.0}]}"
5,0.1,0.15,1,log,linear,56.72734414267984,0.7861,0.5065243057224189,"{'branching': ['V1.8'], 'leaves': [{0: 0.24242424242424243, 1: 0.7575757575757576}, {0: 1.0, 1: 0.0}]}"
5,0.1,0.15,1,log,lasso,62.034356711975775,0.756,0.5059936044654905,"{'branching': ['V1.9'], 'leaves': [{0: 0.0, 1: 1.0}, {0: 1.0, 1: 0.0}]}"
5,0.1,0.16,1,tree,linear,51.92681131918282,0.7984,0.5070043590047699,"{'branching': ['V1.8'], 'leaves': [{0: 0.19191919191919193, 1: 0.8080808080808081}, {0: 1.0, 1: 0.0}]}"
5,0.1,0.16,1,tree,lasso,51.926811319182846,0.7949,0.5070043590047699,"{'branching': ['V1.8'], 'leaves': [{0: 0.1919191919191919, 1: 0.8080808080808081}, {0: 1.0, 1: 0.0}]}"
5,0.1,0.16,1,log,linear,51.926811319182846,0.7939,0.5070043590047699,"{'branching': ['V1.8'], 'leaves': [{0: 0.1919191919191919, 1: 0.8080808080808081}, {0: 1.0, 1: 0.0}]}"
5,0.1,0.16,1,log,lasso,62.034356711975775,0.756,0.5059936044654905,"{'branching': ['V1.9'], 'leaves': [{0: 0.0, 1: 1.0}, {0: 1.0, 1: 0.0}]}"
5,0.1,0.17,1,tree,linear,47.126278495685824,0.8003,0.5074844122871185,"{'branching': ['V1.8'], 'leaves': [{0: 0.1414141414141414, 1: 0.8585858585858586}, {0: 1.0, 1: 0.0}]}"
5,0.1,0.17,1,tree,lasso,47.126278495685824,0.805,0.5074844122871185,"{'branching': ['V1.8'], 'leaves': [{0: 0.1414141414141414, 1: 0.8585858585858586}, {0: 1.0, 1: 0.0}]}"
5,0.1,0.17,1,log,linear,47.12627849568579,0.8052,0.5074844122871185,"{'branching': ['V1.8'], 'leaves': [{0: 0.14141414141414144, 1: 0.8585858585858586}, {0: 1.0, 1: 0.0}]}"
5,0.1,0.17,1,log,lasso,47.12627849568607,0.8038,0.5074844122871185,"{'branching': ['V1.8'], 'leaves': [{0: 0.14141414141414155, 1: 0.8585858585858582}, {0: 1.0, 1: 0.0}]}"
5,0.1,0.18,1,tree,linear,42.32574567218869,0.8122,0.507964465569468,"{'branching': ['V1.8'], 'leaves': [{0: 0.09090909090909088, 1: 0.9090909090909092}, {0: 1.0, 1: 0.0}]}"
5,0.1,0.18,1,tree,lasso,42.32574567218881,0.8118,0.507964465569468,"{'branching': ['V1.8'], 'leaves': [{0: 0.0909090909090909, 1: 0.9090909090909091}, {0: 1.0, 1: 0.0}]}"
5,0.1,0.18,1,log,linear,42.3257456721888,0.8089,0.507964465569468,"{'branching': ['V1.8'], 'leaves': [{0: 0.09090909090909091, 1: 0.9090909090909091}, {0: 1.0, 1: 0.0}]}"
5,0.1,0.18,1,log,lasso,42.32574567218881,0.8108,0.507964465569468,"{'branching': ['V1.8'], 'leaves': [{0: 0.0909090909090909, 1: 0.9090909090909091}, {0: 1.0, 1: 0.0}]}"
5,0.1,0.19,1,tree,linear,37.52521284869178,0.8193,0.5084445188518176,"{'branching': ['V1.8'], 'leaves': [{0: 0.04040404040404041, 1: 0.9595959595959596}, {0: 1.0, 1: 0.0}]}"
5,0.1,0.19,1,tree,lasso,37.52521284869438,0.8204,0.5084445188518173,"{'branching': ['V1.8'], 'leaves': [{0: 0.04040404040404038, 1: 0.9595959595959596}, {0: 0.9999999999999993, 1: 0.0}]}"
5,0.1,0.19,1,log,linear,37.52521284869175,0.8198,0.5084445188518176,"{'branching': ['V1.8'], 'leaves': [{0: 0.04040404040404043, 1: 0.9595959595959596}, {0: 1.0, 1: 0.0}]}"
5,0.1,0.19,1,log,lasso,37.52521284869178,0.8207,0.5084445188518176,"{'branching': ['V1.8'], 'leaves': [{0: 0.04040404040404041, 1: 0.9595959595959596}, {0: 1.0, 1: 0.0}]}"
5,0.1,0.2,1,tree,linear,33.68478658989411,0.8274,0.5088285614776984,"{'branching': ['V1.8'], 'leaves': [{0: 0.0, 1: 1.0}, {0: 1.0, 1: 0.0}]}"
5,0.1,0.2,1,tree,lasso,33.68478658989411,0.8274,0.5088285614776984,"{'branching': ['V1.8'], 'leaves': [{0: 0.0, 1: 1.0}, {0: 1.0, 1: 0.0}]}"
5,0.1,0.2,1,log,linear,33.68478658989411,0.8274,0.5088285614776984,"{'branching': ['V1.8'], 'leaves': [{0: 0.0, 1: 1.0}, {0: 1.0, 1: 0.0}]}"
5,0.1,0.2,1,log,lasso,33.68478658989411,0.8274,0.5088285614776984,"{'branching': ['V1.8'], 'leaves': [{0: 0.0, 1: 1.0}, {0: 1.0, 1: 0.0}]}"
5,0.1,0.21,1,tree,linear,33.68478658989411,0.8274,0.5088285614776984,"{'branching': ['V1.8'], 'leaves': [{0: 0.0, 1: 1.0}, {0: 1.0, 1: 0.0}]}"
5,0.1,0.21,1,tree,lasso,33.68478658989411,0.8274,0.5088285614776984,"{'branching': ['V1.8'], 'leaves': [{0: 0.0, 1: 1.0}, {0: 1.0, 1: 0.0}]}"
5,0.1,0.21,1,log,linear,33.68478658989411,0.8274,0.5088285614776984,"{'branching': ['V1.8'], 'leaves': [{0: 0.0, 1: 1.0}, {0: 1.0, 1: 0.0}]}"
5,0.1,0.21,1,log,lasso,33.68478658989411,0.8274,0.5088285614776984,"{'branching': ['V1.8'], 'leaves': [{0: 0.0, 1: 1.0}, {0: 1.0, 1: 0.0}]}"
5,0.1,0.22,1,tree,linear,33.68478658989411,0.8274,0.5088285614776984,"{'branching': ['V1.8'], 'leaves': [{0: 0.0, 1: 1.0}, {0: 1.0, 1: 0.0}]}"
5,0.1,0.22,1,tree,lasso,33.68478658989411,0.8274,0.5088285614776984,"{'branching': ['V1.8'], 'leaves': [{0: 0.0, 1: 1.0}, {0: 1.0, 1: 0.0}]}"
5,0.1,0.22,1,log,linear,33.68478658989411,0.8274,0.5088285614776984,"{'branching': ['V1.8'], 'leaves': [{0: 0.0, 1: 1.0}, {0: 1.0, 1: 0.0}]}"
5,0.1,0.22,1,log,lasso,33.68478658989411,0.8274,0.5088285614776984,"{'branching': ['V1.8'], 'leaves': [{0: 0.0, 1: 1.0}, {0: 1.0, 1: 0.0}]}"
5,0.1,0.23,1,tree,linear,33.68478658989411,0.8274,0.5088285614776984,"{'branching': ['V1.8'], 'leaves': [{0: 0.0, 1: 1.0}, {0: 1.0, 1: 0.0}]}"
5,0.1,0.23,1,tree,lasso,33.68478658989411,0.8274,0.5088285614776984,"{'branching': ['V1.8'], 'leaves': [{0: 0.0, 1: 1.0}, {0: 1.0, 1: 0.0}]}"
5,0.1,0.23,1,log,linear,33.68478658989411,0.8274,0.5088285614776984,"{'branching': ['V1.8'], 'leaves': [{0: 0.0, 1: 1.0}, {0: 1.0, 1: 0.0}]}"
5,0.1,0.23,1,log,lasso,33.68478658989411,0.8274,0.5088285614776984,"{'branching': ['V1.8'], 'leaves': [{0: 0.0, 1: 1.0}, {0: 1.0, 1: 0.0}]}"
5,0.1,0.24,1,tree,linear,33.68478658989411,0.8274,0.5088285614776984,"{'branching': ['V1.8'], 'leaves': [{0: 0.0, 1: 1.0}, {0: 1.0, 1: 0.0}]}"
5,0.1,0.24,1,tree,lasso,33.68478658989411,0.8274,0.5088285614776984,"{'branching': ['V1.8'], 'leaves': [{0: 0.0, 1: 1.0}, {0: 1.0, 1: 0.0}]}"
5,0.1,0.24,1,log,linear,33.68478658989411,0.8274,0.5088285614776984,"{'branching': ['V1.8'], 'leaves': [{0: 0.0, 1: 1.0}, {0: 1.0, 1: 0.0}]}"
5,0.1,0.24,1,log,lasso,33.68478658989411,0.8274,0.5088285614776984,"{'branching': ['V1.8'], 'leaves': [{0: 0.0, 1: 1.0}, {0: 1.0, 1: 0.0}]}"
5,0.1,0.25,1,tree,linear,33.68478658989411,0.8274,0.5088285614776984,"{'branching': ['V1.8'], 'leaves': [{0: 0.0, 1: 1.0}, {0: 1.0, 1: 0.0}]}"
5,0.1,0.25,1,tree,lasso,33.68478658989411,0.8274,0.5088285614776984,"{'branching': ['V1.8'], 'leaves': [{0: 0.0, 1: 1.0}, {0: 1.0, 1: 0.0}]}"
5,0.1,0.25,1,log,linear,33.68478658989411,0.8274,0.5088285614776984,"{'branching': ['V1.8'], 'leaves': [{0: 0.0, 1: 1.0}, {0: 1.0, 1: 0.0}]}"
5,0.1,0.25,1,log,lasso,33.68478658989411,0.8274,0.5088285614776984,"{'branching': ['V1.8'], 'leaves': [{0: 0.0, 1: 1.0}, {0: 1.0, 1: 0.0}]}"
5,0.1,0.26,1,tree,linear,33.68478658989411,0.8274,0.5088285614776984,"{'branching': ['V1.8'], 'leaves': [{0: 0.0, 1: 1.0}, {0: 1.0, 1: 0.0}]}"
5,0.1,0.26,1,tree,lasso,33.68478658989411,0.8274,0.5088285614776984,"{'branching': ['V1.8'], 'leaves': [{0: 0.0, 1: 1.0}, {0: 1.0, 1: 0.0}]}"
5,0.1,0.26,1,log,linear,33.68478658989411,0.8274,0.5088285614776984,"{'branching': ['V1.8'], 'leaves': [{0: 0.0, 1: 1.0}, {0: 1.0, 1: 0.0}]}"
5,0.1,0.26,1,log,lasso,33.68478658989411,0.8274,0.5088285614776984,"{'branching': ['V1.8'], 'leaves': [{0: 0.0, 1: 1.0}, {0: 1.0, 1: 0.0}]}"
5,0.1,0.27,1,tree,linear,36.094667457467295,0.8343,0.5085875733909403,"{'branching': ['V1.7'], 'leaves': [{0: 0.12337662337662339, 1: 0.8766233766233766}, {0: 1.0, 1: 0.0}]}"
5,0.1,0.27,1,tree,lasso,33.68478658989411,0.8274,0.5088285614776984,"{'branching': ['V1.8'], 'leaves': [{0: 0.0, 1: 1.0}, {0: 1.0, 1: 0.0}]}"
5,0.1,0.27,1,log,linear,33.68478658989411,0.8274,0.5088285614776984,"{'branching': ['V1.8'], 'leaves': [{0: 0.0, 1: 1.0}, {0: 1.0, 1: 0.0}]}"
5,0.1,0.27,1,log,lasso,33.68478658989411,0.8274,0.5088285614776984,"{'branching': ['V1.8'], 'leaves': [{0: 0.0, 1: 1.0}, {0: 1.0, 1: 0.0}]}"
5,0.1,0.28,1,tree,linear,32.66353156718342,0.8423,0.5089306869799671,"{'branching': ['V1.7'], 'leaves': [{0: 0.0909090909090909, 1: 0.9090909090909091}, {0: 1.0, 1: 0.0}]}"
5,0.1,0.28,1,tree,lasso,33.68478658989411,0.8274,0.5088285614776984,"{'branching': ['V1.8'], 'leaves': [{0: 0.0, 1: 1.0}, {0: 1.0, 1: 0.0}]}"
5,0.1,0.28,1,log,linear,32.6635315671834,0.843,0.5089306869799671,"{'branching': ['V1.7'], 'leaves': [{0: 0.09090909090909091, 1: 0.9090909090909091}, {0: 1.0, 1: 0.0}]}"
5,0.1,0.28,1,log,lasso,33.68478658989411,0.8274,0.5088285614776984,"{'branching': ['V1.8'], 'leaves': [{0: 0.0, 1: 1.0}, {0: 1.0, 1: 0.0}]}"
5,0.1,0.29,1,tree,linear,29.23239567689929,0.8509,0.5092738005689962,"{'branching': ['V1.7'], 'leaves': [{0: 0.05844155844155844, 1: 0.9415584415584416}, {0: 1.0, 1: 0.0}]}"
5,0.1,0.29,1,tree,lasso,54.05390883364868,0.8,0.5067916492533232,"{'branching': ['V1.6'], 'leaves': [{0: 0.2676767676767677, 1: 0.7323232323232323}, {0: 1.0, 1: 0.0}]}"
5,0.1,0.29,1,log,linear,29.232395676899277,0.8477,0.5092738005689962,"{'branching': ['V1.7'], 'leaves': [{0: 0.05844155844155845, 1: 0.9415584415584416}, {0: 1.0, 1: 0.0}]}"
5,0.1,0.29,1,log,lasso,33.68478658989411,0.8274,0.5088285614776984,"{'branching': ['V1.8'], 'leaves': [{0: 0.0, 1: 1.0}, {0: 1.0, 1: 0.0}]}"
5,0.1,0.3,1,tree,linear,25.80125978661536,0.8563,0.5096169141580276,"{'branching': ['V1.7'], 'leaves': [{0: 0.025974025974025976, 1: 0.974025974025974}, {0: 1.0, 1: 0.0}]}"
5,0.1,0.3,1,tree,lasso,51.47868719014902,0.8002,0.5070491714176727,"{'branching': ['V1.6'], 'leaves': [{0: 0.24242424242424243, 1: 0.7575757575757576}, {0: 1.0, 1: 0.0}]}"
5,0.1,0.3,1,log,linear,25.80125978661537,0.8543,0.5096169141580276,"{'branching': ['V1.7'], 'leaves': [{0: 0.025974025974025972, 1: 0.974025974025974}, {0: 1.0, 1: 0.0}]}"
5,0.1,0.3,1,log,lasso,33.68478658989411,0.8274,0.5088285614776984,"{'branching': ['V1.8'], 'leaves': [{0: 0.0, 1: 1.0}, {0: 1.0, 1: 0.0}]}"
5,0.1,0.31,1,tree,linear,23.05635107438816,0.8608,0.5098914050292481,"{'branching': ['V1.7'], 'leaves': [{0: 0.0, 1: 1.0}, {0: 1.0, 1: 0.0}]}"
5,0.1,0.31,1,tree,lasso,48.90346554664941,0.8103,0.5073066935820223,"{'branching': ['V1.6'], 'leaves': [{0: 0.21717171717171715, 1: 0.7828282828282829}, {0: 1.0, 1: 0.0}]}"
5,0.1,0.31,1,log,linear,23.05635107438816,0.8608,0.5098914050292481,"{'branching': ['V1.7'], 'leaves': [{0: 0.0, 1: 1.0}, {0: 1.0, 1: 0.0}]}"
5,0.1,0.31,1,log,lasso,33.68478658989329,0.8274,0.5088285614776984,"{'branching': ['V1.8'], 'leaves': [{0: 0.0, 1: 1.0}, {0: 1.0000000000000002, 1: 0.0}]}"
5,0.1,0.32,1,tree,linear,23.05635107438816,0.8608,0.5098914050292481,"{'branching': ['V1.7'], 'leaves': [{0: 0.0, 1: 1.0}, {0: 1.0, 1: 0.0}]}"
5,0.1,0.32,1,tree,lasso,46.32824390314988,0.8057,0.5075642157463738,"{'branching': ['V1.6'], 'leaves': [{0: 0.19191919191919196, 1: 0.8080808080808081}, {0: 1.0, 1: 0.0}]}"
5,0.1,0.32,1,log,linear,23.05635107438816,0.8608,0.5098914050292481,"{'branching': ['V1.7'], 'leaves': [{0: 0.0, 1: 1.0}, {0: 1.0, 1: 0.0}]}"
5,0.1,0.32,1,log,lasso,33.68478658989411,0.8274,0.5088285614776984,"{'branching': ['V1.8'], 'leaves': [{0: 0.0, 1: 1.0}, {0: 1.0, 1: 0.0}]}"
5,0.1,0.33,1,tree,linear,23.05635107438816,0.8608,0.5098914050292481,"{'branching': ['V1.7'], 'leaves': [{0: 0.0, 1: 1.0}, {0: 1.0, 1: 0.0}]}"
5,0.1,0.33,1,tree,lasso,43.75302225965778,0.8111,0.5078217379107219,"{'branching': ['V1.6'], 'leaves': [{0: 0.16666666666666619, 1: 0.8333333333333305}, {0: 1.0, 1: 0.0}]}"
5,0.1,0.33,1,log,linear,23.05635107438816,0.8608,0.5098914050292481,"{'branching': ['V1.7'], 'leaves': [{0: 0.0, 1: 1.0}, {0: 1.0, 1: 0.0}]}"
5,0.1,0.33,1,log,lasso,33.68478658989411,0.8274,0.5088285614776984,"{'branching': ['V1.8'], 'leaves': [{0: 0.0, 1: 1.0}, {0: 1.0, 1: 0.0}]}"
5,0.1,0.34,1,tree,linear,23.05635107438816,0.8608,0.5098914050292481,"{'branching': ['V1.7'], 'leaves': [{0: 0.0, 1: 1.0}, {0: 1.0, 1: 0.0}]}"
5,0.1,0.34,1,tree,lasso,41.177800616150776,0.8216,0.5080792600750714,"{'branching': ['V1.6'], 'leaves': [{0: 0.14141414141414135, 1: 0.8585858585858587}, {0: 1.0, 1: 0.0}]}"
5,0.1,0.34,1,log,linear,23.05635107438816,0.8608,0.5098914050292481,"{'branching': ['V1.7'], 'leaves': [{0: 0.0, 1: 1.0}, {0: 1.0, 1: 0.0}]}"
5,0.1,0.34,1,log,lasso,33.68478658989411,0.8274,0.5088285614776984,"{'branching': ['V1.8'], 'leaves': [{0: 0.0, 1: 1.0}, {0: 1.0, 1: 0.0}]}"
5,0.1,0.35,1,tree,linear,23.05635107438816,0.8608,0.5098914050292481,"{'branching': ['V1.7'], 'leaves': [{0: 0.0, 1: 1.0}, {0: 1.0, 1: 0.0}]}"
5,0.1,0.35,1,tree,lasso,38.60257897265125,0.8277,0.5083367822394215,"{'branching': ['V1.6'], 'leaves': [{0: 0.11616161616161616, 1: 0.8838383838383839}, {0: 1.0, 1: 0.0}]}"
5,0.1,0.35,1,log,linear,23.05635107438816,0.8608,0.5098914050292481,"{'branching': ['V1.7'], 'leaves': [{0: 0.0, 1: 1.0}, {0: 1.0, 1: 0.0}]}"
5,0.1,0.35,1,log,lasso,33.68478658989411,0.8274,0.5088285614776984,"{'branching': ['V1.8'], 'leaves': [{0: 0.0, 1: 1.0}, {0: 1.0, 1: 0.0}]}"
5,0.1,0.36,1,tree,linear,23.05635107438816,0.8608,0.5098914050292481,"{'branching': ['V1.7'], 'leaves': [{0: 0.0, 1: 1.0}, {0: 1.0, 1: 0.0}]}"
5,0.1,0.36,1,tree,lasso,36.02735732915183,0.8304,0.5085943044037707,"{'branching': ['V1.6'], 'leaves': [{0: 0.09090909090909091, 1: 0.9090909090909091}, {0: 1.0, 1: 0.0}]}"
5,0.1,0.36,1,log,linear,23.05635107438816,0.8608,0.5098914050292481,"{'branching': ['V1.7'], 'leaves': [{0: 0.0, 1: 1.0}, {0: 1.0, 1: 0.0}]}"
5,0.1,0.36,1,log,lasso,33.68478658989411,0.8274,0.5088285614776984,"{'branching': ['V1.8'], 'leaves': [{0: 0.0, 1: 1.0}, {0: 1.0, 1: 0.0}]}"
5,0.1,0.37,1,tree,linear,23.05635107438816,0.8608,0.5098914050292481,"{'branching': ['V1.7'], 'leaves': [{0: 0.0, 1: 1.0}, {0: 1.0, 1: 0.0}]}"
5,0.1,0.37,1,tree,lasso,33.452135685652166,0.8337,0.5088518265681239,"{'branching': ['V1.6'], 'leaves': [{0: 0.06565656565656566, 1: 0.9343434343434344}, {0: 1.0, 1: 0.0}]}"
5,0.1,0.37,1,log,linear,23.05635107438816,0.8608,0.5098914050292481,"{'branching': ['V1.7'], 'leaves': [{0: 0.0, 1: 1.0}, {0: 1.0, 1: 0.0}]}"
5,0.1,0.37,1,log,lasso,33.68478658989411,0.8274,0.5088285614776984,"{'branching': ['V1.8'], 'leaves': [{0: 0.0, 1: 1.0}, {0: 1.0, 1: 0.0}]}"
5,0.1,0.38,1,tree,linear,30.87691404215259,0.8387,0.5091093487324722,"{'branching': ['V1.6'], 'leaves': [{0: 0.04040404040404037, 1: 0.9595959595959597}, {0: 1.0, 1: 0.0}]}"
5,0.1,0.38,1,tree,lasso,30.87691404215277,0.84,0.5091093487324722,"{'branching': ['V1.6'], 'leaves': [{0: 0.04040404040404041, 1: 0.9595959595959596}, {0: 1.0, 1: 0.0}]}"
5,0.1,0.38,1,log,linear,30.87691404215277,0.8418,0.5091093487324722,"{'branching': ['V1.6'], 'leaves': [{0: 0.04040404040404041, 1: 0.9595959595959596}, {0: 1.0, 1: 0.0}]}"
5,0.1,0.38,1,log,lasso,33.68478658989475,0.8274,0.5088285614776984,"{'branching': ['V1.8'], 'leaves': [{0: 0.0, 1: 1.0}, {0: 0.9999999999999999, 1: 0.0}]}"
5,0.1,0.39,1,tree,linear,28.30169239865312,0.8448,0.5093668708968223,"{'branching': ['V1.6'], 'leaves': [{0: 0.015151515151515152, 1: 0.9848484848484849}, {0: 1.0, 1: 0.0}]}"
5,0.1,0.39,1,tree,lasso,28.30169239865312,0.8454,0.5093668708968223,"{'branching': ['V1.6'], 'leaves': [{0: 0.015151515151515152, 1: 0.9848484848484849}, {0: 1.0, 1: 0.0}]}"
5,0.1,0.39,1,log,linear,28.30169239865312,0.8449,0.5093668708968223,"{'branching': ['V1.6'], 'leaves': [{0: 0.015151515151515152, 1: 0.9848484848484849}, {0: 1.0, 1: 0.0}]}"
5,0.1,0.39,1,log,lasso,33.68478658989411,0.8274,0.5088285614776984,"{'branching': ['V1.8'], 'leaves': [{0: 0.0, 1: 1.0}, {0: 1.0, 1: 0.0}]}"
5,0.1,0.4,1,tree,linear,26.756559412553425,0.8475,0.5095213841954326,"{'branching': ['V1.6'], 'leaves': [{0: 0.0, 1: 1.0}, {0: 1.0, 1: 0.0}]}"
5,0.1,0.4,1,tree,lasso,26.756559412553425,0.8475,0.5095213841954326,"{'branching': ['V1.6'], 'leaves': [{0: 0.0, 1: 1.0}, {0: 1.0, 1: 0.0}]}"
5,0.1,0.4,1,log,linear,26.756559412553425,0.8475,0.5095213841954326,"{'branching': ['V1.6'], 'leaves': [{0: 0.0, 1: 1.0}, {0: 1.0, 1: 0.0}]}"
5,0.1,0.4,1,log,lasso,33.68478658989411,0.8274,0.5088285614776984,"{'branching': ['V1.8'], 'leaves': [{0: 0.0, 1: 1.0}, {0: 1.0, 1: 0.0}]}"
1,0.25,0.05,1,tree,linear,143.97052348605376,0.6122,0.481399119987538,"{'branching': ['V1.9'], 'leaves': [{0: 0.5192307692307692, 1: 0.48076923076923084}, {0: 1.0, 1: 0.0}]}"
1,0.25,0.05,1,tree,lasso,165.31947269763256,0.5876,0.479264225066381,"{'branching': ['V2.1'], 'leaves': [{0: 1.0, 1: 0.0}, {0: 0.537037037037037, 1: 0.462962962962963}]}"
1,0.25,0.05,1,log,linear,143.97052348605376,0.6109,0.481399119987538,"{'branching': ['V1.9'], 'leaves': [{0: 0.5192307692307692, 1: 0.48076923076923084}, {0: 1.0, 1: 0.0}]}"
1,0.25,0.05,1,log,lasso,143.97052348605388,0.6105,0.481399119987538,"{'branching': ['V1.9'], 'leaves': [{0: 0.5192307692307689, 1: 0.4807692307692308}, {0: 1.0, 1: 0.0}]}"
1,0.25,0.06,1,tree,linear,136.84176043733402,0.6183,0.4821119962924096,"{'branching': ['V1.9'], 'leaves': [{0: 0.423076923076923, 1: 0.576923076923077}, {0: 1.0, 1: 0.0}]}"
1,0.25,0.06,1,tree,lasso,162.46049949122855,0.59,0.4795501223870217,"{'branching': ['V2.1'], 'leaves': [{0: 1.0, 1: 0.0}, {0: 0.4444444444444445, 1: 0.5555555555555556}]}"
1,0.25,0.06,1,log,linear,136.84176043733407,0.6202,0.4821119962924096,"{'branching': ['V1.9'], 'leaves': [{0: 0.4230769230769231, 1: 0.5769230769230769}, {0: 1.0, 1: 0.0}]}"
1,0.25,0.06,1,log,lasso,136.84176043733402,0.623,0.4821119962924096,"{'branching': ['V1.9'], 'leaves': [{0: 0.4230769230769231, 1: 0.576923076923077}, {0: 1.0, 1: 0.0}]}"
1,0.25,0.07,1,tree,linear,129.7129973886143,0.6318,0.4828248725972823,"{'branching': ['V1.9'], 'leaves': [{0: 0.3269230769230769, 1: 0.6730769230769231}, {0: 1.0, 1: 0.0}]}"
1,0.25,0.07,1,tree,lasso,159.60152628482365,0.5941,0.4798360197076617,"{'branching': ['V2.1'], 'leaves': [{0: 1.0000000000000002, 1: 0.0}, {0: 0.3518518518518519, 1: 0.6481481481481481}]}"
1,0.25,0.07,1,log,linear,129.71299738861433,0.6295,0.4828248725972823,"{'branching': ['V1.9'], 'leaves': [{0: 0.32692307692307687, 1: 0.6730769230769231}, {0: 1.0, 1: 0.0}]}"
1,0.25,0.07,1,log,lasso,129.71299738861433,0.6291,0.4828248725972823,"{'branching': ['V1.9'], 'leaves': [{0: 0.326923076923077, 1: 0.673076923076923}, {0: 1.0, 1: 0.0}]}"
1,0.25,0.08,1,tree,linear,122.58423433989464,0.6402,0.4835377489021547,"{'branching': ['V1.9'], 'leaves': [{0: 0.23076923076923078, 1: 0.7692307692307692}, {0: 1.0, 1: 0.0}]}"
1,0.25,0.08,1,tree,lasso,156.74255307842068,0.5973,0.4801219170283028,"{'branching': ['V2.1'], 'leaves': [{0: 1.0, 1: 0.0}, {0: 0.25925925925925924, 1: 0.7407407407407407}]}"
1,0.25,0.08,1,log,linear,122.58423433989464,0.637,0.4835377489021547,"{'branching': ['V1.9'], 'leaves': [{0: 0.23076923076923078, 1: 0.7692307692307692}, {0: 1.0, 1: 0.0}]}"
1,0.25,0.08,1,log,lasso,122.5842343398945,0.6365,0.4835377489021547,"{'branching': ['V1.9'], 'leaves': [{0: 0.23076923076923084, 1: 0.7692307692307694}, {0: 1.0, 1: 0.0}]}"
1,0.25,0.09,1,tree,linear,115.45547129117486,0.6476,0.4842506252070266,"{'branching': ['V1.9'], 'leaves': [{0: 0.13461538461538428, 1: 0.8653846153846158}, {0: 1.0, 1: 0.0}]}"
1,0.25,0.09,1,tree,lasso,153.88357987201672,0.6014,0.4804078143489426,"{'branching': ['V2.1'], 'leaves': [{0: 1.0, 1: 0.0}, {0: 0.16666666666666669, 1: 0.8333333333333333}]}"
1,0.25,0.09,1,log,linear,115.45547129117551,0.6471,0.4842506252070266,"{'branching': ['V1.9'], 'leaves': [{0: 0.1346153846153845, 1: 0.8653846153846156}, {0: 0.9999999999999999, 1: 0.0}]}"
1,0.25,0.09,1,log,lasso,115.4554712911749,0.6492,0.4842506252070266,"{'branching': ['V1.9'], 'leaves': [{0: 0.13461538461538458, 1: 0.8653846153846154}, {0: 1.0, 1: 0.0}]}"
1,0.25,0.1,1,tree,linear,108.32670824245515,0.6568,0.484963501511898,"{'branching': ['V1.9'], 'leaves': [{0: 0.038461538461538464, 1: 0.9615384615384616}, {0: 1.0, 1: 0.0}]}"
1,0.25,0.1,1,tree,lasso,151.02460666561274,0.6054,0.4806937116695831,"{'branching': ['V2.1'], 'leaves': [{0: 1.0, 1: 0.0}, {0: 0.07407407407407407, 1: 0.9259259259259259}]}"
1,0.25,0.1,1,log,linear,108.32670824245515,0.656,0.484963501511898,"{'branching': ['V1.9'], 'leaves': [{0: 0.038461538461538464, 1: 0.9615384615384616}, {0: 1.0, 1: 0.0}]}"
1,0.25,0.1,1,log,lasso,108.3267082424552,0.6561,0.484963501511898,"{'branching': ['V1.9'], 'leaves': [{0: 0.03846153846153855, 1: 0.9615384615384615}, {0: 1.0, 1: 0.0}]}"
1,0.25,0.11,1,tree,linear,106.57480445007153,0.6585,0.4851386918911399,"{'branching': ['V1.9'], 'leaves': [{0: 0.0, 1: 1.0}, {0: 0.9933035714285715, 1: 0.006696428571428492}]}"
1,0.25,0.11,1,tree,lasso,116.0944577944479,0.667,0.4841867265566985,"{'branching': ['V1.8'], 'leaves': [{0: 0.46078431372549017, 1: 0.5392156862745099}, {0: 1.0, 1: 0.0}]}"
1,0.25,0.11,1,log,linear,106.57480445007153,0.6574,0.4851386918911399,"{'branching': ['V1.9'], 'leaves': [{0: 0.0, 1: 1.0}, {0: 0.9933035714285715, 1: 0.006696428571428492}]}"
1,0.25,0.11,1,log,lasso,106.57480445007164,0.6582,0.4851386918911399,"{'branching': ['V1.9'], 'leaves': [{0: 0.0, 1: 1.0}, {0: 0.9933035714285714, 1: 0.006696428571428572}]}"
1,0.25,0.12,1,tree,linear,108.4074734952452,0.6565,0.4849554249866205,"{'branching': ['V1.9'], 'leaves': [{0: 0.0, 1: 1.0}, {0: 0.9821428571428572, 1: 0.017857142857142794}]}"
1,0.25,0.12,1,tree,lasso,110.31992316397486,0.6765,0.4847641800197461,"{'branching': ['V1.8'], 'leaves': [{0: 0.4117647058823529, 1: 0.5882352941176471}, {0: 1.0, 1: 0.0}]}"
1,0.25,0.12,1,log,linear,108.40747349524528,0.6581,0.4849554249866206,"{'branching': ['V1.9'], 'leaves': [{0: 0.0, 1: 1.0}, {0: 0.9821428571428569, 1: 0.017857142857143127}]}"
1,0.25,0.12,1,log,lasso,108.40747349524524,0.6554,0.4849554249866206,"{'branching': ['V1.9'], 'leaves': [{0: 0.0, 1: 1.0}, {0: 0.9821428571428571, 1: 0.017857142857142905}]}"
1,0.25,0.13,1,tree,linear,104.5453885335018,0.6854,0.4853416334827932,"{'branching': ['V1.8'], 'leaves': [{0: 0.3627450980392157, 1: 0.6372549019607843}, {0: 1.0, 1: 0.0}]}"
1,0.25,0.13,1,tree,lasso,104.54538853350172,0.6858,0.4853416334827932,"{'branching': ['V1.8'], 'leaves': [{0: 0.3627450980392156, 1: 0.6372549019607844}, {0: 1.0, 1: 0.0}]}"
1,0.25,0.13,1,log,linear,104.5453885335018,0.6825,0.4853416334827932,"{'branching': ['V1.8'], 'leaves': [{0: 0.3627450980392157, 1: 0.6372549019607843}, {0: 1.0, 1: 0.0}]}"
1,0.25,0.13,1,log,lasso,110.2401425404189,0.6534,0.4847721580821038,"{'branching': ['V1.9'], 'leaves': [{0: 0.0, 1: 1.0}, {0: 0.970982142857143, 1: 0.029017857142856984}]}"
1,0.25,0.14,1,tree,linear,98.7708539030286,0.6961,0.4859190869458401,"{'branching': ['V1.8'], 'leaves': [{0: 0.3137254901960784, 1: 0.6862745098039216}, {0: 1.0, 1: 0.0}]}"
1,0.25,0.14,1,tree,lasso,98.7708539030286,0.6953,0.4859190869458401,"{'branching': ['V1.8'], 'leaves': [{0: 0.3137254901960784, 1: 0.6862745098039216}, {0: 1.0, 1: 0.0}]}"
1,0.25,0.14,1,log,linear,98.77085390302877,0.6963,0.4859190869458401,"{'branching': ['V1.8'], 'leaves': [{0: 0.31372549019607854, 1: 0.6862745098039214}, {0: 1.0, 1: 0.0}]}"
1,0.25,0.14,1,log,lasso,112.07281158559265,0.6524,0.4845888911775851,"{'branching': ['V1.9'], 'leaves': [{0: 0.0, 1: 1.0}, {0: 0.9598214285714286, 1: 0.0401785714285714}]}"
1,0.25,0.15,1,tree,linear,92.99631927255544,0.6985,0.486496540408888,"{'branching': ['V1.8'], 'leaves': [{0: 0.2647058823529412, 1: 0.7352941176470589}, {0: 1.0, 1: 0.0}]}"
1,0.25,0.15,1,tree,lasso,92.99631927255544,0.7033,0.486496540408888,"{'branching': ['V1.8'], 'leaves': [{0: 0.2647058823529412, 1: 0.7352941176470589}, {0: 1.0, 1: 0.0}]}"
1,0.25,0.15,1,log,linear,92.99631927255544,0.7035,0.486496540408888,"{'branching': ['V1.8'], 'leaves': [{0: 0.2647058823529412, 1: 0.7352941176470589}, {0: 1.0, 1: 0.0}]}"
1,0.25,0.15,1,log,lasso,92.9963192725555,0.7037,0.486496540408888,"{'branching': ['V1.8'], 'leaves': [{0: 0.2647058823529411, 1: 0.7352941176470589}, {0: 1.0, 1: 0.0}]}"
1,0.25,0.16,1,tree,linear,87.22178464208238,0.7138,0.4870739938719356,"{'branching': ['V1.8'], 'leaves': [{0: 0.21568627450980393, 1: 0.7843137254901961}, {0: 1.0, 1: 0.0}]}"
1,0.25,0.16,1,tree,lasso,87.22178464208238,0.7122,0.4870739938719356,"{'branching': ['V1.8'], 'leaves': [{0: 0.21568627450980393, 1: 0.7843137254901961}, {0: 1.0, 1: 0.0}]}"
1,0.25,0.16,1,log,linear,87.22178464208238,0.7102,0.4870739938719356,"{'branching': ['V1.8'], 'leaves': [{0: 0.21568627450980393, 1: 0.7843137254901961}, {0: 1.0, 1: 0.0}]}"
1,0.25,0.16,1,log,lasso,87.22178464208238,0.7115,0.4870739938719356,"{'branching': ['V1.8'], 'leaves': [{0: 0.21568627450980393, 1: 0.7843137254901961}, {0: 1.0, 1: 0.0}]}"
1,0.25,0.17,1,tree,linear,81.44725001160948,0.72,0.4876514473349824,"{'branching': ['V1.8'], 'leaves': [{0: 0.16666666666666666, 1: 0.8333333333333331}, {0: 1.0, 1: 0.0}]}"
1,0.25,0.17,1,tree,lasso,81.44725001160924,0.7212,0.4876514473349824,"{'branching': ['V1.8'], 'leaves': [{0: 0.16666666666666663, 1: 0.8333333333333334}, {0: 1.0, 1: 0.0}]}"
1,0.25,0.17,1,log,linear,81.44725001160921,0.7206,0.4876514473349824,"{'branching': ['V1.8'], 'leaves': [{0: 0.16666666666666666, 1: 0.8333333333333334}, {0: 1.0, 1: 0.0}]}"
1,0.25,0.17,1,log,lasso,81.44725001160784,0.7186,0.4876514473349825,"{'branching': ['V1.8'], 'leaves': [{0: 0.16666666666666816, 1: 0.8333333333333317}, {0: 1.0, 1: 4.996003610813204e-16}]}"
1,0.25,0.18,1,tree,linear,75.67271538113633,0.7291,0.4882289007980288,"{'branching': ['V1.8'], 'leaves': [{0: 0.11764705882352937, 1: 0.8823529411764705}, {0: 1.0, 1: 0.0}]}"
1,0.25,0.18,1,tree,lasso,75.67271538113613,0.7285,0.4882289007980289,"{'branching': ['V1.8'], 'leaves': [{0: 0.11764705882352944, 1: 0.8823529411764706}, {0: 1.0, 1: 0.0}]}"
1,0.25,0.18,1,log,linear,75.67271538113616,0.7288,0.4882289007980289,"{'branching': ['V1.8'], 'leaves': [{0: 0.11764705882352941, 1: 0.8823529411764706}, {0: 1.0, 1: 0.0}]}"
1,0.25,0.18,1,log,lasso,75.67271538113616,0.7276,0.4882289007980289,"{'branching': ['V1.8'], 'leaves': [{0: 0.11764705882352941, 1: 0.8823529411764706}, {0: 1.0, 1: 0.0}]}"
1,0.25,0.19,1,tree,linear,69.89818075066299,0.7367,0.4888063542610777,"{'branching': ['V1.8'], 'leaves': [{0: 0.06862745098039216, 1: 0.9313725490196079}, {0: 1.0, 1: 0.0}]}"
1,0.25,0.19,1,tree,lasso,69.89818075066214,0.7372,0.4888063542610779,"{'branching': ['V1.8'], 'leaves': [{0: 0.06862745098039147, 1: 0.9313725490196085}, {0: 1.0000000000000002, 1: 0.0}]}"
1,0.25,0.19,1,log,linear,69.89818075066299,0.739,0.4888063542610777,"{'branching': ['V1.8'], 'leaves': [{0: 0.06862745098039216, 1: 0.9313725490196079}, {0: 1.0, 1: 0.0}]}"
1,0.25,0.19,1,log,lasso,69.89818075066341,0.7391,0.4888063542610775,"{'branching': ['V1.8'], 'leaves': [{0: 0.06862745098039225, 1: 0.9313725490196074}, {0: 1.0, 1: 0.0}]}"
1,0.25,0.2,1,tree,linear,64.1236461201899,0.7472,0.4893838077241256,"{'branching': ['V1.8'], 'leaves': [{0: 0.019607843137254936, 1: 0.9803921568627451}, {0: 1.0, 1: 0.0}]}"
1,0.25,0.2,1,tree,lasso,64.12364612018993,0.747,0.4893838077241256,"{'branching': ['V1.8'], 'leaves': [{0: 0.0196078431372549, 1: 0.9803921568627451}, {0: 1.0, 1: 0.0}]}"
1,0.25,0.2,1,log,linear,64.12364612018993,0.748,0.4893838077241256,"{'branching': ['V1.8'], 'leaves': [{0: 0.0196078431372549, 1: 0.9803921568627451}, {0: 1.0, 1: 0.0}]}"
1,0.25,0.2,1,log,lasso,64.12364612018993,0.747,0.4893838077241256,"{'branching': ['V1.8'], 'leaves': [{0: 0.0196078431372549, 1: 0.9803921568627451}, {0: 1.0, 1: 0.0}]}"
1,0.25,0.21,1,tree,linear,63.380680387617694,0.7486,0.4894581042973819,"{'branching': ['V1.8'], 'leaves': [{0: 0.0, 1: 1.0}, {0: 0.992462311557789, 1: 0.007537688442211032}]}"
1,0.25,0.21,1,tree,lasso,63.38068038761759,0.7468,0.4894581042973819,"{'branching': ['V1.8'], 'leaves': [{0: 0.0, 1: 1.0}, {0: 0.992462311557789, 1: 0.007537688442211061}]}"
1,0.25,0.21,1,log,linear,63.38068038761773,0.7475,0.4894581042973819,"{'branching': ['V1.8'], 'leaves': [{0: 0.0, 1: 1.0}, {0: 0.9924623115577889, 1: 0.007537688442211143}]}"
1,0.25,0.21,1,log,lasso,63.380680387617694,0.7474,0.4894581042973819,"{'branching': ['V1.8'], 'leaves': [{0: 0.0, 1: 1.0}, {0: 0.992462311557789, 1: 0.007537688442211032}]}"
1,0.25,0.22,1,tree,linear,65.99209392031281,0.7436,0.4891969629441133,"{'branching': ['V1.8'], 'leaves': [{0: 0.0, 1: 1.0}, {0: 0.9798994974874372, 1: 0.02010050251256279}]}"
1,0.25,0.22,1,tree,lasso,65.99209392031281,0.7455,0.4891969629441133,"{'branching': ['V1.8'], 'leaves': [{0: 0.0, 1: 1.0}, {0: 0.9798994974874372, 1: 0.02010050251256279}]}"
1,0.25,0.22,1,log,linear,65.99209392031264,0.7441,0.4891969629441133,"{'branching': ['V1.8'], 'leaves': [{0: 0.0, 1: 1.0}, {0: 0.9798994974874372, 1: 0.020100502512562835}]}"
1,0.25,0.22,1,log,lasso,65.99209392031281,0.744,0.4891969629441133,"{'branching': ['V1.8'], 'leaves': [{0: 0.0, 1: 1.0}, {0: 0.9798994974874372, 1: 0.02010050251256279}]}"
1,0.25,0.23,1,tree,linear,68.6035074530079,0.7416,0.4889358215908418,"{'branching': ['V1.8'], 'leaves': [{0: 0.0, 1: 1.0}, {0: 0.9673366834170855, 1: 0.032663316582914555}]}"
1,0.25,0.23,1,tree,lasso,68.60350745300792,0.7389,0.4889358215908418,"{'branching': ['V1.8'], 'leaves': [{0: 0.0, 1: 1.0}, {0: 0.9673366834170855, 1: 0.03266331658291455}]}"
1,0.25,0.23,1,log,linear,68.60350745300832,0.7396,0.4889358215908418,"{'branching': ['V1.8'], 'leaves': [{0: 0.0, 1: 1.0}, {0: 0.9673366834170853, 1: 0.032663316582914555}]}"
1,0.25,0.23,1,log,lasso,68.60350745300829,0.7391,0.4889358215908418,"{'branching': ['V1.8'], 'leaves': [{0: 0.0, 1: 1.0}, {0: 0.9673366834170853, 1: 0.03266331658291456}]}"
1,0.25,0.24,1,tree,linear,64.60534967928703,0.7626,0.4893356373682154,"{'branching': ['V1.7'], 'leaves': [{0: 0.1836734693877551, 1: 0.8163265306122449}, {0: 1.0, 1: 0.0}]}"
1,0.25,0.24,1,tree,lasso,71.21492098570288,0.7361,0.4886746802375732,"{'branching': ['V1.8'], 'leaves': [{0: 0.0, 1: 1.0}, {0: 0.9547738693467337, 1: 0.04522613065326635}]}"
1,0.25,0.24,1,log,linear,64.60534967928717,0.766,0.4893356373682154,"{'branching': ['V1.7'], 'leaves': [{0: 0.18367346938775503, 1: 0.8163265306122449}, {0: 1.0, 1: 0.0}]}"
1,0.25,0.24,1,log,lasso,71.21492098570302,0.7369,0.4886746802375731,"{'branching': ['V1.8'], 'leaves': [{0: 0.0, 1: 1.0}, {0: 0.9547738693467337, 1: 0.045226130653266305}]}"
1,0.25,0.25,1,tree,linear,59.81330846885511,0.7784,0.4898148414892589,"{'branching': ['V1.7'], 'leaves': [{0: 0.14965986394557823, 1: 0.8503401360544218}, {0: 1.0, 1: 0.0}]}"
1,0.25,0.25,1,tree,lasso,73.82633451839813,0.7321,0.4884135388843048,"{'branching': ['V1.8'], 'leaves': [{0: 0.0, 1: 1.0}, {0: 0.9422110552763819, 1: 0.05778894472361806}]}"
1,0.25,0.25,1,log,linear,59.81330846885511,0.7747,0.4898148414892589,"{'branching': ['V1.7'], 'leaves': [{0: 0.14965986394557823, 1: 0.8503401360544218}, {0: 1.0, 1: 0.0}]}"
1,0.25,0.25,1,log,lasso,73.82633451839813,0.7314,0.4884135388843048,"{'branching': ['V1.8'], 'leaves': [{0: 0.0, 1: 1.0}, {0: 0.9422110552763819, 1: 0.05778894472361806}]}"
1,0.25,0.26,1,tree,linear,55.02126725842334,0.7833,0.4902940456103013,"{'branching': ['V1.7'], 'leaves': [{0: 0.11564625850340136, 1: 0.8843537414965986}, {0: 1.0, 1: 0.0}]}"
1,0.25,0.26,1,tree,lasso,76.43774805109324,0.7274,0.4881523975310347,"{'branching': ['V1.8'], 'leaves': [{0: 0.0, 1: 1.0}, {0: 0.9296482412060302, 1: 0.07035175879396982}]}"
1,0.25,0.26,1,log,linear,55.02126725842311,0.7821,0.4902940456103014,"{'branching': ['V1.7'], 'leaves': [{0: 0.11564625850340139, 1: 0.8843537414965987}, {0: 1.0, 1: 0.0}]}"
1,0.25,0.26,1,log,lasso,76.43774805109324,0.7304,0.4881523975310347,"{'branching': ['V1.8'], 'leaves': [{0: 0.0, 1: 1.0}, {0: 0.9296482412060302, 1: 0.07035175879396982}]}"
1,0.25,0.27,1,tree,linear,50.2292260479914,0.7904,0.4907732497313448,"{'branching': ['V1.7'], 'leaves': [{0: 0.0816326530612245, 1: 0.9183673469387755}, {0: 1.0, 1: 0.0}]}"
1,0.25,0.27,1,tree,lasso,50.22922604799142,0.7901,0.4907732497313448,"{'branching': ['V1.7'], 'leaves': [{0: 0.08163265306122448, 1: 0.9183673469387755}, {0: 1.0, 1: 0.0}]}"
1,0.25,0.27,1,log,linear,50.2292260479914,0.7883,0.4907732497313448,"{'branching': ['V1.7'], 'leaves': [{0: 0.0816326530612245, 1: 0.9183673469387755}, {0: 1.0, 1: 0.0}]}"
1,0.25,0.27,1,log,lasso,79.04916158378835,0.724,0.4878912561777656,"{'branching': ['V1.8'], 'leaves': [{0: 0.0, 1: 1.0}, {0: 0.9170854271356784, 1: 0.08291457286432158}]}"
1,0.25,0.28,1,tree,linear,45.43718483755964,0.7997,0.4912524538523861,"{'branching': ['V1.7'], 'leaves': [{0: 0.047619047619047616, 1: 0.9523809523809523}, {0: 1.0, 1: 0.0}]}"
1,0.25,0.28,1,tree,lasso,45.43718483755964,0.7984,0.4912524538523861,"{'branching': ['V1.7'], 'leaves': [{0: 0.04761904761904762, 1: 0.9523809523809523}, {0: 1.0, 1: 0.0}]}"
1,0.25,0.28,1,log,linear,45.43718483755964,0.7975,0.4912524538523861,"{'branching': ['V1.7'], 'leaves': [{0: 0.047619047619047616, 1: 0.9523809523809523}, {0: 1.0, 1: 0.0}]}"
1,0.25,0.28,1,log,lasso,81.66057511648347,0.719,0.4876301148244957,"{'branching': ['V1.8'], 'leaves': [{0: 0.0, 1: 1.0}, {0: 0.9045226130653266, 1: 0.09547738693467345}]}"
1,0.25,0.29,1,tree,linear,40.645143627127695,0.8074,0.4917316579734321,"{'branching': ['V1.7'], 'leaves': [{0: 0.01360544217687075, 1: 0.9863945578231292}, {0: 1.0, 1: 0.0}]}"
1,0.25,0.29,1,tree,lasso,40.645143627127695,0.8066,0.4917316579734321,"{'branching': ['V1.7'], 'leaves': [{0: 0.013605442176870748, 1: 0.9863945578231292}, {0: 1.0, 1: 0.0}]}"
1,0.25,0.29,1,log,linear,40.64514362712771,0.8069,0.4917316579734321,"{'branching': ['V1.7'], 'leaves': [{0: 0.01360544217687074, 1: 0.9863945578231292}, {0: 1.0, 1: 0.0}]}"
1,0.25,0.29,1,log,lasso,84.27198864917855,0.7109,0.4873689734712266,"{'branching': ['V1.8'], 'leaves': [{0: 0.0, 1: 1.0}, {0: 0.8919597989949749, 1: 0.1080402010050251}]}"
1,0.25,0.3,1,tree,linear,40.691109202396056,0.8069,0.4917270614159029,"{'branching': ['V1.7'], 'leaves': [{0: 0.0, 1: 1.0}, {0: 0.991501416430595, 1: 0.008498583569405027}]}"
1,0.25,0.3,1,tree,lasso,64.14812710994758,0.7748,0.4893813596251493,"{'branching': ['V1.6'], 'leaves': [{0: 0.23469387755102045, 1: 0.7653061224489796}, {0: 1.0, 1: 0.0}]}"
1,0.25,0.3,1,log,linear,40.69110920239604,0.8074,0.491727061415903,"{'branching': ['V1.7'], 'leaves': [{0: 0.0, 1: 1.0}, {0: 0.9915014164305951, 1: 0.008498583569404916}]}"
1,0.25,0.3,1,log,lasso,40.69110920239607,0.8078,0.4917270614159029,"{'branching': ['V1.7'], 'leaves': [{0: 0.0, 1: 1.0}, {0: 0.9915014164305949, 1: 0.008498583569405138}]}"
1,0.25,0.31,1,tree,linear,43.9624126347983,0.7998,0.4913999310726648,"{'branching': ['V1.7'], 'leaves': [{0: 0.0, 1: 1.0}, {0: 0.9773371104815863, 1: 0.02266288951841357}]}"
1,0.25,0.31,1,tree,lasso,60.2992533892907,0.7837,0.4897662469972139,"{'branching': ['V1.6'], 'leaves': [{0: 0.20918367346938774, 1: 0.7908163265306123}, {0: 1.0, 1: 0.0}]}"
1,0.25,0.31,1,log,linear,43.962412634798,0.8,0.4913999310726648,"{'branching': ['V1.7'], 'leaves': [{0: 0.0, 1: 1.0}, {0: 0.9773371104815864, 1: 0.022662889518413554}]}"
1,0.25,0.31,1,log,lasso,43.962412634798,0.8021,0.4913999310726648,"{'branching': ['V1.7'], 'leaves': [{0: 0.0, 1: 1.0}, {0: 0.9773371104815864, 1: 0.022662889518413554}]}"
1,0.25,0.32,1,tree,linear,47.23371606719982,0.797,0.491072800729424,"{'branching': ['V1.7'], 'leaves': [{0: 0.0, 1: 1.0}, {0: 0.9631728045325779, 1: 0.036827195467422115}]}"
1,0.25,0.32,1,tree,lasso,56.45037966863388,0.7896,0.4901511343692804,"{'branching': ['V1.6'], 'leaves': [{0: 0.1836734693877551, 1: 0.8163265306122449}, {0: 1.0, 1: 0.0}]}"
1,0.25,0.32,1,log,linear,47.23371606719993,0.7973,0.491072800729424,"{'branching': ['V1.7'], 'leaves': [{0: 0.0, 1: 1.0}, {0: 0.9631728045325779, 1: 0.03682719546742208}]}"
1,0.25,0.32,1,log,lasso,47.23371606719995,0.7954,0.4910728007294239,"{'branching': ['V1.7'], 'leaves': [{0: 0.0, 1: 1.0}, {0: 0.9631728045325778, 1: 0.03682719546742219}]}"
1,0.25,0.33,1,tree,linear,50.50501949960184,0.7953,0.4907456703861838,"{'branching': ['V1.7'], 'leaves': [{0: 0.0, 1: 1.0}, {0: 0.9490084985835695, 1: 0.050991501416430496}]}"
1,0.25,0.33,1,tree,lasso,52.60150594797712,0.7929,0.490536021741346,"{'branching': ['V1.6'], 'leaves': [{0: 0.15816326530612246, 1: 0.8418367346938775}, {0: 1.0, 1: 0.0}]}"
1,0.25,0.33,1,log,linear,50.50501949960186,0.7937,0.4907456703861838,"{'branching': ['V1.7'], 'leaves': [{0: 0.0, 1: 1.0}, {0: 0.9490084985835694, 1: 0.05099150141643061}]}"
1,0.25,0.33,1,log,lasso,137.5165391104985,0.6294,0.4820445184250931,"{'branching': ['V2.4'], 'leaves': [{0: 1.0, 1: 0.0}, {0: 0.15384615384615385, 1: 0.8461538461538461}]}"
1,0.25,0.34,1,tree,linear,53.776322932003794,0.7835,0.4904185400429438,"{'branching': ['V1.7'], 'leaves': [{0: 0.0, 1: 1.0}, {0: 0.9348441926345609, 1: 0.06515580736543913}]}"
1,0.25,0.34,1,tree,lasso,48.75263222732029,0.8001,0.4909209091134102,"{'branching': ['V1.6'], 'leaves': [{0: 0.13265306122448983, 1: 0.8673469387755102}, {0: 1.0, 1: 0.0}]}"
1,0.25,0.34,1,log,linear,53.776322932003794,0.7853,0.4904185400429438,"{'branching': ['V1.7'], 'leaves': [{0: 0.0, 1: 1.0}, {0: 0.9348441926345609, 1: 0.06515580736543913}]}"
1,0.25,0.34,1,log,lasso,136.2408482129483,0.6272,0.4821720875148481,"{'branching': ['V2.4'], 'leaves': [{0: 1.0, 1: 0.0}, {0: 0.12820512820512836, 1: 0.8717948717948717}]}"
1,0.25,0.35,1,tree,linear,44.90375850666351,0.807,0.4913057964854773,"{'branching': ['V1.6'], 'leaves': [{0: 0.10714285714285766, 1: 0.8928571428571423}, {0: 1.0, 1: 0.0}]}"
1,0.25,0.35,1,tree,lasso,44.90375850666345,0.8081,0.4913057964854773,"{'branching': ['V1.6'], 'leaves': [{0: 0.1071428571428571, 1: 0.8928571428571429}, {0: 1.0, 1: 0.0}]}"
1,0.25,0.35,1,log,linear,44.90375850666356,0.8098,0.4913057964854773,"{'branching': ['V1.6'], 'leaves': [{0: 0.10714285714285716, 1: 0.8928571428571428}, {0: 1.0, 1: 0.0}]}"
1,0.25,0.35,1,log,lasso,134.96515731539824,0.6327,0.4822996566046044,"{'branching': ['V2.4'], 'leaves': [{0: 1.0, 1: 0.0}, {0: 0.10256410256410256, 1: 0.8974358974358975}]}"
1,0.25,0.36,1,tree,linear,41.054884786006525,0.8155,0.4916906838575431,"{'branching': ['V1.6'], 'leaves': [{0: 0.0816326530612244, 1: 0.9183673469387756}, {0: 1.0, 1: 0.0}]}"
1,0.25,0.36,1,tree,lasso,41.05488478600661,0.8159,0.4916906838575431,"{'branching': ['V1.6'], 'leaves': [{0: 0.08163265306122448, 1: 0.9183673469387755}, {0: 1.0, 1: 0.0}]}"
1,0.25,0.36,1,log,linear,41.05488478600693,0.8158,0.4916906838575431,"{'branching': ['V1.6'], 'leaves': [{0: 0.08163265306122444, 1: 0.9183673469387754}, {0: 1.0, 1: 0.0}]}"
1,0.25,0.36,1,log,lasso,133.68946641784805,0.6312,0.482427225694358,"{'branching': ['V2.4'], 'leaves': [{0: 1.0, 1: 0.0}, {0: 0.07692307692307693, 1: 0.9230769230769231}]}"
1,0.25,0.37,1,tree,linear,37.20601106534978,0.8232,0.492075571229608,"{'branching': ['V1.6'], 'leaves': [{0: 0.05612244897959186, 1: 0.9438775510204082}, {0: 1.0, 1: 0.0}]}"
1,0.25,0.37,1,tree,lasso,37.20601106534983,0.82,0.492075571229608,"{'branching': ['V1.6'], 'leaves': [{0: 0.05612244897959184, 1: 0.9438775510204082}, {0: 1.0, 1: 0.0}]}"
1,0.25,0.37,1,log,linear,37.20601106534995,0.8225,0.492075571229608,"{'branching': ['V1.6'], 'leaves': [{0: 0.0561224489795919, 1: 0.943877551020408}, {0: 1.0, 1: 0.0}]}"
1,0.25,0.37,1,log,lasso,132.4137755202981,0.6338,0.4825547947841134,"{'branching': ['V2.4'], 'leaves': [{0: 1.0, 1: 0.0}, {0: 0.05128205128205129, 1: 0.9487179487179487}]}"
1,0.25,0.38,1,tree,linear,33.35713734469306,0.8286,0.492460458601675,"{'branching': ['V1.6'], 'leaves': [{0: 0.030612244897959183, 1: 0.9693877551020408}, {0: 1.0, 1: 0.0}]}"
1,0.25,0.38,1,tree,lasso,33.35713734469306,0.828,0.492460458601675,"{'branching': ['V1.6'], 'leaves': [{0: 0.030612244897959183, 1: 0.9693877551020408}, {0: 1.0, 1: 0.0}]}"
1,0.25,0.38,1,log,linear,33.35713734469306,0.8283,0.492460458601675,"{'branching': ['V1.6'], 'leaves': [{0: 0.030612244897959183, 1: 0.9693877551020408}, {0: 1.0, 1: 0.0}]}"
1,0.25,0.38,1,log,lasso,131.13808462274795,0.6346,0.4826823638738684,"{'branching': ['V2.4'], 'leaves': [{0: 1.0, 1: 0.0}, {0: 0.02564102564102564, 1: 0.9743589743589743}]}"
1,0.25,0.39,1,tree,linear,29.508263624036296,0.836,0.4928453459737391,"{'branching': ['V1.6'], 'leaves': [{0: 0.005102040816326531, 1: 0.9948979591836734}, {0: 1.0, 1: 0.0}]}"
1,0.25,0.39,1,tree,lasso,29.50826362403605,0.8353,0.4928453459737391,"{'branching': ['V1.6'], 'leaves': [{0: 0.005102040816326531, 1: 0.9948979591836735}, {0: 1.0, 1: 0.0}]}"
1,0.25,0.39,1,log,linear,29.508263624036054,0.836,0.4928453459737391,"{'branching': ['V1.6'], 'leaves': [{0: 0.00510204081632653, 1: 0.9948979591836735}, {0: 1.0, 1: 0.0}]}"
1,0.25,0.39,1,log,lasso,129.86239372519785,0.6375,0.4828099329636252,"{'branching': ['V2.4'], 'leaves': [{0: 1.0, 1: 0.0}, {0: 1.1102230246251565e-16, 1: 0.9999999999999999}]}"
1,0.25,0.4,1,tree,linear,28.7384888799048,0.8373,0.4929223234481531,"{'branching': ['V1.6'], 'leaves': [{0: 0.0, 1: 1.0}, {0: 1.0, 1: 0.0}]}"
1,0.25,0.4,1,tree,lasso,28.7384888799048,0.8373,0.4929223234481531,"{'branching': ['V1.6'], 'leaves': [{0: 0.0, 1: 1.0}, {0: 1.0, 1: 0.0}]}"
1,0.25,0.4,1,log,linear,28.7384888799048,0.8373,0.4929223234481531,"{'branching': ['V1.6'], 'leaves': [{0: 0.0, 1: 1.0}, {0: 1.0, 1: 0.0}]}"
1,0.25,0.4,1,log,lasso,132.1545241472525,0.6337,0.4825807199214203,"{'branching': ['V2.4'], 'leaves': [{0: 0.983606557377049, 1: 0.01639344262295095}, {0: 0.0, 1: 1.0}]}"
2,0.25,0.05,1,tree,linear,231.20788414586264,0.4711,0.4582000373472165,"{'branching': ['V1.9'], 'leaves': [{0: 0.5833333333333334, 1: 0.41666666666666663}, {0: 1.0, 1: 0.0}]}"
2,0.25,0.05,1,tree,lasso,231.2078841458635,0.4653,0.4582000373472165,"{'branching': ['V1.9'], 'leaves': [{0: 0.583333333333333, 1: 0.4166666666666669}, {0: 0.9999999999999998, 1: 0.0}]}"
2,0.25,0.05,1,log,linear,231.20788414586264,0.4703,0.4582000373472165,"{'branching': ['V1.9'], 'leaves': [{0: 0.5833333333333333, 1: 0.41666666666666674}, {0: 1.0, 1: 0.0}]}"
2,0.25,0.05,1,log,lasso,231.20788414586357,0.4698,0.4582000373472165,"{'branching': ['V1.9'], 'leaves': [{0: 0.5833333333333333, 1: 0.41666666666666663}, {0: 0.9999999999999998, 1: 0.0}]}"
2,0.25,0.06,1,log,lasso,222.6176264624256,0.4782,0.4590590631155601,"{'branching': ['V1.9'], 'leaves': [{0: 0.5000000000000002, 1: 0.4999999999999999}, {0: 0.9999999999999998, 1: 5.551115123125783e-17}]}"
2,0.25,0.07,1,tree,linear,214.027368778987,0.4867,0.4599180888839032,"{'branching': ['V1.9'], 'leaves': [{0: 0.41666666666666674, 1: 0.5833333333333333}, {0: 1.0, 1: 0.0}]}"
2,0.25,0.07,1,tree,lasso,214.027368778987,0.4895,0.4599180888839032,"{'branching': ['V1.9'], 'leaves': [{0: 0.41666666666666663, 1: 0.5833333333333334}, {0: 1.0, 1: 0.0}]}"
2,0.25,0.07,1,log,linear,214.027368778987,0.4873,0.4599180888839032,"{'branching': ['V1.9'], 'leaves': [{0: 0.4166666666666667, 1: 0.5833333333333333}, {0: 1.0, 1: 0.0}]}"
2,0.25,0.07,1,log,lasso,214.027368778987,0.487,0.4599180888839032,"{'branching': ['V1.9'], 'leaves': [{0: 0.4166666666666667, 1: 0.5833333333333333}, {0: 1.0, 1: 0.0}]}"
2,0.25,0.08,1,tree,linear,205.43711109554928,0.497,0.4607771146522474,"{'branching': ['V1.9'], 'leaves': [{0: 0.3333333333333334, 1: 0.6666666666666665}, {0: 1.0, 1: 0.0}]}"
2,0.25,0.08,1,tree,lasso,205.43711109554917,0.4932,0.4607771146522474,"{'branching': ['V1.9'], 'leaves': [{0: 0.3333333333333333, 1: 0.6666666666666667}, {0: 1.0, 1: 0.0}]}"
2,0.25,0.08,1,log,linear,205.43711109554928,0.496,0.4607771146522474,"{'branching': ['V1.9'], 'leaves': [{0: 0.3333333333333334, 1: 0.6666666666666665}, {0: 1.0, 1: 0.0}]}"
2,0.25,0.08,1,log,lasso,205.4371110955492,0.494,0.4607771146522474,"{'branching': ['V1.9'], 'leaves': [{0: 0.33333333333333326, 1: 0.6666666666666667}, {0: 1.0, 1: 0.0}]}"
2,0.25,0.09,1,tree,linear,196.8468534121114,0.504,0.4616361404205911,"{'branching': ['V1.9'], 'leaves': [{0: 0.25, 1: 0.75}, {0: 1.0, 1: 0.0}]}"
2,0.25,0.09,1,tree,lasso,196.846853412113,0.5071,0.4616361404205911,"{'branching': ['V1.9'], 'leaves': [{0: 0.25000000000001477, 1: 0.7499999999999851}, {0: 0.9999999999999922, 1: 7.771561172376096e-15}]}"
2,0.25,0.09,1,log,linear,196.8468534121105,0.5055,0.4616361404205912,"{'branching': ['V1.9'], 'leaves': [{0: 0.24999999999999983, 1: 0.7500000000000002}, {0: 1.0000000000000002, 1: 0.0}]}"
2,0.25,0.09,1,log,lasso,196.8468534121114,0.5062,0.4616361404205911,"{'branching': ['V1.9'], 'leaves': [{0: 0.24999999999999997, 1: 0.75}, {0: 1.0, 1: 0.0}]}"
2,0.25,0.1,1,tree,linear,188.2565957286736,0.5132,0.4624951661889351,"{'branching': ['V1.9'], 'leaves': [{0: 0.16666666666666666, 1: 0.8333333333333334}, {0: 1.0, 1: 0.0}]}"
2,0.25,0.1,1,tree,lasso,188.2565957286736,0.5123,0.4624951661889351,"{'branching': ['V1.9'], 'leaves': [{0: 0.16666666666666666, 1: 0.8333333333333334}, {0: 1.0, 1: 0.0}]}"
2,0.25,0.1,1,log,linear,188.25659572867357,0.5128,0.4624951661889351,"{'branching': ['V1.9'], 'leaves': [{0: 0.1666666666666667, 1: 0.8333333333333334}, {0: 1.0, 1: 0.0}]}"
2,0.25,0.1,1,log,lasso,188.25659572867357,0.5121,0.4624951661889351,"{'branching': ['V1.9'], 'leaves': [{0: 0.1666666666666668, 1: 0.8333333333333333}, {0: 1.0, 1: 0.0}]}"
2,0.25,0.11,1,tree,linear,179.66633804523582,0.521,0.4633541919572795,"{'branching': ['V1.9'], 'leaves': [{0: 0.08333333333333333, 1: 0.9166666666666666}, {0: 1.0, 1: 0.0}]}"
2,0.25,0.11,1,tree,lasso,179.66633804523573,0.521,0.4633541919572795,"{'branching': ['V1.9'], 'leaves': [{0: 0.0833333333333329, 1: 0.9166666666666671}, {0: 1.0, 1: 0.0}]}"
2,0.25,0.11,1,log,linear,179.66633804523582,0.5203,0.4633541919572795,"{'branching': ['V1.9'], 'leaves': [{0: 0.08333333333333334, 1: 0.9166666666666666}, {0: 1.0, 1: 0.0}]}"
2,0.25,0.11,1,log,lasso,179.66633804523582,0.5208,0.4633541919572795,"{'branching': ['V1.9'], 'leaves': [{0: 0.08333333333333334, 1: 0.9166666666666666}, {0: 1.0, 1: 0.0}]}"
2,0.25,0.12,1,tree,linear,171.07608036179798,0.53,0.4642132177256226,"{'branching': ['V1.9'], 'leaves': [{0: 0.0, 1: 1.0}, {0: 1.0, 1: 0.0}]}"
2,0.25,0.12,1,tree,lasso,171.07608036179798,0.53,0.4642132177256226,"{'branching': ['V1.9'], 'leaves': [{0: 0.0, 1: 1.0}, {0: 1.0, 1: 0.0}]}"
2,0.25,0.12,1,log,linear,171.07608036179798,0.53,0.4642132177256226,"{'branching': ['V1.9'], 'leaves': [{0: 0.0, 1: 1.0}, {0: 1.0, 1: 0.0}]}"
2,0.25,0.12,1,log,lasso,171.07608036179798,0.53,0.4642132177256226,"{'branching': ['V1.9'], 'leaves': [{0: 0.0, 1: 1.0}, {0: 1.0, 1: 0.0}]}"
2,0.25,0.13,1,tree,linear,171.1211567332527,0.531,0.4642087100884779,"{'branching': ['V1.9'], 'leaves': [{0: 0.0, 1: 1.0}, {0: 0.9886363636363636, 1: 0.011363636363636354}]}"
2,0.25,0.13,1,tree,lasso,171.1211567332527,0.5313,0.4642087100884779,"{'branching': ['V1.9'], 'leaves': [{0: 0.0, 1: 1.0}, {0: 0.9886363636363638, 1: 0.011363636363636243}]}"
2,0.25,0.13,1,log,linear,171.12115673325255,0.532,0.4642087100884779,"{'branching': ['V1.9'], 'leaves': [{0: 0.0, 1: 1.0}, {0: 0.9886363636363636, 1: 0.011363636363636383}]}"
2,0.25,0.13,1,log,lasso,171.07608036179798,0.53,0.4642132177256226,"{'branching': ['V1.9'], 'leaves': [{0: 0.0, 1: 1.0}, {0: 1.0, 1: 0.0}]}"
2,0.25,0.14,1,tree,linear,171.16623310470737,0.5324,0.4642042024513318,"{'branching': ['V1.9'], 'leaves': [{0: 0.0, 1: 1.0}, {0: 0.9772727272727272, 1: 0.022727272727272818}]}"
2,0.25,0.14,1,tree,lasso,168.8850144627047,0.5559,0.4644323243155323,"{'branching': ['V1.8'], 'leaves': [{0: 0.3636363636363637, 1: 0.6363636363636365}, {0: 1.0, 1: 0.0}]}"
2,0.25,0.14,1,log,linear,171.16623310470737,0.5308,0.4642042024513319,"{'branching': ['V1.9'], 'leaves': [{0: 0.0, 1: 1.0}, {0: 0.9772727272727273, 1: 0.022727272727272714}]}"
2,0.25,0.14,1,log,lasso,171.07608036179798,0.53,0.4642132177256226,"{'branching': ['V1.9'], 'leaves': [{0: 0.0, 1: 1.0}, {0: 1.0, 1: 0.0}]}"
2,0.25,0.15,1,tree,linear,161.36543174125154,0.5673,0.4651842825876772,"{'branching': ['V1.8'], 'leaves': [{0: 0.31818181818181823, 1: 0.6818181818181818}, {0: 1.0, 1: 0.0}]}"
2,0.25,0.15,1,tree,lasso,161.36543174125148,0.5637,0.4651842825876772,"{'branching': ['V1.8'], 'leaves': [{0: 0.3181818181818182, 1: 0.6818181818181819}, {0: 1.0, 1: 0.0}]}"
2,0.25,0.15,1,log,linear,161.36543174125148,0.5704,0.4651842825876772,"{'branching': ['V1.8'], 'leaves': [{0: 0.3181818181818182, 1: 0.6818181818181819}, {0: 1.0, 1: 0.0}]}"
2,0.25,0.15,1,log,lasso,171.07608036179798,0.53,0.4642132177256226,"{'branching': ['V1.9'], 'leaves': [{0: 0.0, 1: 1.0}, {0: 1.0, 1: 0.0}]}"
2,0.25,0.16,1,tree,linear,153.84584901979818,0.5719,0.4659362408598222,"{'branching': ['V1.8'], 'leaves': [{0: 0.2727272727272727, 1: 0.7272727272727273}, {0: 1.0, 1: 0.0}]}"
2,0.25,0.16,1,tree,lasso,153.84584901979886,0.5781,0.4659362408598222,"{'branching': ['V1.8'], 'leaves': [{0: 0.2727272727272729, 1: 0.7272727272727271}, {0: 0.9999999999999999, 1: 0.0}]}"
2,0.25,0.16,1,log,linear,153.84584901979818,0.5786,0.4659362408598222,"{'branching': ['V1.8'], 'leaves': [{0: 0.2727272727272727, 1: 0.7272727272727273}, {0: 1.0, 1: 0.0}]}"
2,0.25,0.16,1,log,lasso,171.07608036179798,0.53,0.4642132177256226,"{'branching': ['V1.9'], 'leaves': [{0: 0.0, 1: 1.0}, {0: 1.0, 1: 0.0}]}"
2,0.25,0.17,1,tree,linear,146.3262662983449,0.5866,0.4666881991319688,"{'branching': ['V1.8'], 'leaves': [{0: 0.22727272727272727, 1: 0.7727272727272727}, {0: 1.0, 1: 0.0}]}"
2,0.25,0.17,1,tree,lasso,146.3262662983449,0.583,0.4666881991319688,"{'branching': ['V1.8'], 'leaves': [{0: 0.22727272727272727, 1: 0.7727272727272727}, {0: 1.0, 1: 0.0}]}"
2,0.25,0.17,1,log,linear,146.3262662983449,0.5852,0.4666881991319688,"{'branching': ['V1.8'], 'leaves': [{0: 0.22727272727272727, 1: 0.7727272727272727}, {0: 1.0, 1: 0.0}]}"
2,0.25,0.17,1,log,lasso,146.3262662983449,0.5863,0.4666881991319688,"{'branching': ['V1.8'], 'leaves': [{0: 0.22727272727272727, 1: 0.7727272727272727}, {0: 1.0, 1: 0.0}]}"
2,0.25,0.18,1,tree,linear,138.80668357689154,0.592,0.4674401574041137,"{'branching': ['V1.8'], 'leaves': [{0: 0.18181818181818185, 1: 0.8181818181818181}, {0: 1.0, 1: 0.0}]}"
2,0.25,0.18,1,tree,lasso,138.8066835768915,0.5924,0.467440157404114,"{'branching': ['V1.8'], 'leaves': [{0: 0.18181818181818166, 1: 0.8181818181818183}, {0: 1.0, 1: 0.0}]}"
2,0.25,0.18,1,log,linear,138.8066835768916,0.5946,0.4674401574041137,"{'branching': ['V1.8'], 'leaves': [{0: 0.18181818181818182, 1: 0.8181818181818181}, {0: 1.0, 1: 0.0}]}"
2,0.25,0.18,1,log,lasso,138.8066835768915,0.5937,0.467440157404114,"{'branching': ['V1.8'], 'leaves': [{0: 0.18181818181818177, 1: 0.8181818181818182}, {0: 1.0, 1: 0.0}]}"
2,0.25,0.19,1,tree,linear,131.28710085543813,0.6057,0.4681921156762592,"{'branching': ['V1.8'], 'leaves': [{0: 0.13636363636363638, 1: 0.8636363636363636}, {0: 1.0, 1: 0.0}]}"
2,0.25,0.19,1,tree,lasso,131.2871008554382,0.6014,0.4681921156762592,"{'branching': ['V1.8'], 'leaves': [{0: 0.13636363636363646, 1: 0.8636363636363635}, {0: 1.0, 1: 0.0}]}"
2,0.25,0.19,1,log,linear,131.28710085543815,0.6019,0.4681921156762592,"{'branching': ['V1.8'], 'leaves': [{0: 0.13636363636363635, 1: 0.8636363636363636}, {0: 1.0, 1: 0.0}]}"
2,0.25,0.19,1,log,lasso,131.28710085543815,0.6026,0.4681921156762592,"{'branching': ['V1.8'], 'leaves': [{0: 0.13636363636363624, 1: 0.8636363636363638}, {0: 1.0, 1: 0.0}]}"
2,0.25,0.2,1,tree,linear,123.76751813398477,0.6124,0.4689440739484039,"{'branching': ['V1.8'], 'leaves': [{0: 0.09090909090909088, 1: 0.9090909090909092}, {0: 1.0, 1: 0.0}]}"
2,0.25,0.2,1,tree,lasso,123.76751813398472,0.6131,0.4689440739484039,"{'branching': ['V1.8'], 'leaves': [{0: 0.09090909090909105, 1: 0.9090909090909091}, {0: 1.0, 1: 0.0}]}"
2,0.25,0.2,1,log,linear,123.76751813398486,0.6146,0.4689440739484039,"{'branching': ['V1.8'], 'leaves': [{0: 0.09090909090909091, 1: 0.9090909090909091}, {0: 1.0, 1: 0.0}]}"
2,0.25,0.2,1,log,lasso,123.7675181339843,0.6129,0.468944073948404,"{'branching': ['V1.8'], 'leaves': [{0: 0.0909090909090912, 1: 0.9090909090909093}, {0: 1.0, 1: 0.0}]}"
2,0.25,0.21,1,tree,linear,116.24793541253143,0.6217,0.4696960322205492,"{'branching': ['V1.8'], 'leaves': [{0: 0.045454545454545456, 1: 0.9545454545454546}, {0: 1.0, 1: 0.0}]}"
2,0.25,0.21,1,tree,lasso,116.24793541253143,0.6211,0.4696960322205492,"{'branching': ['V1.8'], 'leaves': [{0: 0.04545454545454544, 1: 0.9545454545454546}, {0: 1.0, 1: 0.0}]}"
2,0.25,0.21,1,log,linear,116.24793541253148,0.6213,0.4696960322205492,"{'branching': ['V1.8'], 'leaves': [{0: 0.04545454545454542, 1: 0.9545454545454546}, {0: 1.0, 1: 0.0}]}"
2,0.25,0.21,1,log,lasso,116.24793541253143,0.6225,0.4696960322205492,"{'branching': ['V1.8'], 'leaves': [{0: 0.045454545454545456, 1: 0.9545454545454546}, {0: 1.0, 1: 0.0}]}"
2,0.25,0.22,1,tree,linear,108.72835269107811,0.6312,0.470447990492695,"{'branching': ['V1.8'], 'leaves': [{0: 0.0, 1: 1.0}, {0: 1.0, 1: 0.0}]}"
2,0.25,0.22,1,tree,lasso,108.7283526910758,0.6312,0.4704479904926951,"{'branching': ['V1.8'], 'leaves': [{0: 0.0, 1: 1.0}, {0: 1.0000000000000007, 1: 0.0}]}"
2,0.25,0.22,1,log,linear,108.72835269107811,0.6312,0.470447990492695,"{'branching': ['V1.8'], 'leaves': [{0: 0.0, 1: 1.0}, {0: 1.0, 1: 0.0}]}"
2,0.25,0.22,1,log,lasso,108.72835269107811,0.6312,0.470447990492695,"{'branching': ['V1.8'], 'leaves': [{0: 0.0, 1: 1.0}, {0: 1.0, 1: 0.0}]}"
2,0.25,0.23,1,tree,linear,108.72835269107811,0.6312,0.470447990492695,"{'branching': ['V1.8'], 'leaves': [{0: 0.0, 1: 1.0}, {0: 1.0, 1: 0.0}]}"
2,0.25,0.23,1,tree,lasso,114.96497994686408,0.6521,0.4698243277671156,"{'branching': ['V1.7'], 'leaves': [{0: 0.24342105263157898, 1: 0.756578947368421}, {0: 1.0, 1: 0.0}]}"
2,0.25,0.23,1,log,linear,108.72835269107811,0.6312,0.470447990492695,"{'branching': ['V1.8'], 'leaves': [{0: 0.0, 1: 1.0}, {0: 1.0, 1: 0.0}]}"
2,0.25,0.23,1,log,lasso,108.72835269107811,0.6312,0.470447990492695,"{'branching': ['V1.8'], 'leaves': [{0: 0.0, 1: 1.0}, {0: 1.0, 1: 0.0}]}"
2,0.25,0.24,1,tree,linear,108.72835269107811,0.6312,0.470447990492695,"{'branching': ['V1.8'], 'leaves': [{0: 0.0, 1: 1.0}, {0: 1.0, 1: 0.0}]}"
2,0.25,0.24,1,tree,lasso,108.04349331137765,0.6668,0.4705164764306625,"{'branching': ['V1.7'], 'leaves': [{0: 0.2105263157894737, 1: 0.7894736842105263}, {0: 1.0, 1: 0.0}]}"
2,0.25,0.24,1,log,linear,108.72835269107811,0.6312,0.470447990492695,"{'branching': ['V1.8'], 'leaves': [{0: 0.0, 1: 1.0}, {0: 1.0, 1: 0.0}]}"
2,0.25,0.24,1,log,lasso,108.72835269107811,0.6312,0.470447990492695,"{'branching': ['V1.8'], 'leaves': [{0: 0.0, 1: 1.0}, {0: 1.0, 1: 0.0}]}"
2,0.25,0.25,1,tree,linear,108.72835269107811,0.6312,0.470447990492695,"{'branching': ['V1.8'], 'leaves': [{0: 0.0, 1: 1.0}, {0: 1.0, 1: 0.0}]}"
2,0.25,0.25,1,tree,lasso,101.12200667589116,0.6787,0.4712086250942125,"{'branching': ['V1.7'], 'leaves': [{0: 0.17763157894736842, 1: 0.8223684210526316}, {0: 1.0, 1: 0.0}]}"
2,0.25,0.25,1,log,linear,108.72835269107811,0.6312,0.470447990492695,"{'branching': ['V1.8'], 'leaves': [{0: 0.0, 1: 1.0}, {0: 1.0, 1: 0.0}]}"
2,0.25,0.25,1,log,lasso,108.72835269107811,0.6312,0.470447990492695,"{'branching': ['V1.8'], 'leaves': [{0: 0.0, 1: 1.0}, {0: 1.0, 1: 0.0}]}"
2,0.25,0.26,1,tree,linear,94.20052004040484,0.6854,0.471900773757763,"{'branching': ['V1.7'], 'leaves': [{0: 0.14473684210526316, 1: 0.8552631578947368}, {0: 1.0, 1: 0.0}]}"
2,0.25,0.26,1,tree,lasso,94.20052004040484,0.6862,0.471900773757763,"{'branching': ['V1.7'], 'leaves': [{0: 0.14473684210526316, 1: 0.8552631578947368}, {0: 1.0, 1: 0.0}]}"
2,0.25,0.26,1,log,linear,94.20052004040484,0.6862,0.471900773757763,"{'branching': ['V1.7'], 'leaves': [{0: 0.14473684210526316, 1: 0.8552631578947368}, {0: 1.0, 1: 0.0}]}"
2,0.25,0.26,1,log,lasso,94.20052004040484,0.6861,0.471900773757763,"{'branching': ['V1.7'], 'leaves': [{0: 0.14473684210526316, 1: 0.8552631578947368}, {0: 1.0, 1: 0.0}]}"
2,0.25,0.27,1,tree,linear,87.27903340491835,0.6984,0.4725929224213107,"{'branching': ['V1.7'], 'leaves': [{0: 0.1118421052631579, 1: 0.8881578947368421}, {0: 1.0, 1: 0.0}]}"
2,0.25,0.27,1,tree,lasso,87.27903340491835,0.6998,0.4725929224213107,"{'branching': ['V1.7'], 'leaves': [{0: 0.1118421052631579, 1: 0.8881578947368421}, {0: 1.0, 1: 0.0}]}"
2,0.25,0.27,1,log,linear,87.27903340491858,0.6933,0.4725929224213105,"{'branching': ['V1.7'], 'leaves': [{0: 0.11184210526315787, 1: 0.888157894736842}, {0: 1.0, 1: 0.0}]}"
2,0.25,0.27,1,log,lasso,87.27903340491838,0.6966,0.4725929224213107,"{'branching': ['V1.7'], 'leaves': [{0: 0.11184210526315788, 1: 0.8881578947368421}, {0: 1.0, 1: 0.0}]}"
2,0.25,0.28,1,tree,linear,80.35754676943202,0.7068,0.4732850710848598,"{'branching': ['V1.7'], 'leaves': [{0: 0.07894736842105264, 1: 0.9210526315789473}, {0: 1.0, 1: 0.0}]}"
2,0.25,0.28,1,tree,lasso,80.35754676943199,0.7064,0.4732850710848598,"{'branching': ['V1.7'], 'leaves': [{0: 0.07894736842105267, 1: 0.9210526315789473}, {0: 1.0, 1: 0.0}]}"
2,0.25,0.28,1,log,linear,80.35754676943209,0.706,0.4732850710848598,"{'branching': ['V1.7'], 'leaves': [{0: 0.07894736842105324, 1: 0.9210526315789468}, {0: 1.0, 1: 0.0}]}"
2,0.25,0.28,1,log,lasso,80.35754676943205,0.7069,0.4732850710848598,"{'branching': ['V1.7'], 'leaves': [{0: 0.07894736842105263, 1: 0.9210526315789473}, {0: 1.0, 1: 0.0}]}"
2,0.25,0.29,1,tree,linear,73.43606013394562,0.718,0.4739772197484072,"{'branching': ['V1.7'], 'leaves': [{0: 0.04605263157894732, 1: 0.9539473684210527}, {0: 1.0, 1: 0.0}]}"
2,0.25,0.29,1,tree,lasso,73.43606013394555,0.7166,0.4739772197484072,"{'branching': ['V1.7'], 'leaves': [{0: 0.046052631578947234, 1: 0.9539473684210528}, {0: 1.0, 1: 0.0}]}"
2,0.25,0.29,1,log,linear,73.43606013394594,0.7183,0.4739772197484072,"{'branching': ['V1.7'], 'leaves': [{0: 0.04605263157894901, 1: 0.953947368421051}, {0: 1.0, 1: 0.0}]}"
2,0.25,0.29,1,log,lasso,73.43606013394555,0.7168,0.4739772197484072,"{'branching': ['V1.7'], 'leaves': [{0: 0.046052631578947366, 1: 0.9539473684210527}, {0: 1.0, 1: 0.0}]}"
2,0.25,0.3,1,tree,linear,66.51457349845927,0.7244,0.4746693684119577,"{'branching': ['V1.7'], 'leaves': [{0: 0.013157894736842089, 1: 0.9868421052631579}, {0: 1.0, 1: 0.0}]}"
2,0.25,0.3,1,tree,lasso,66.51457349845924,0.7272,0.4746693684119577,"{'branching': ['V1.7'], 'leaves': [{0: 0.013157894736842106, 1: 0.9868421052631579}, {0: 1.0, 1: 0.0}]}"
2,0.25,0.3,1,log,linear,66.51457349845924,0.7263,0.4746693684119577,"{'branching': ['V1.7'], 'leaves': [{0: 0.013157894736842106, 1: 0.9868421052631579}, {0: 1.0, 1: 0.0}]}"
2,0.25,0.3,1,log,lasso,66.51457349845916,0.7268,0.4746693684119578,"{'branching': ['V1.7'], 'leaves': [{0: 0.013157894736842035, 1: 0.986842105263158}, {0: 1.0, 1: 0.0}]}"
2,0.25,0.31,1,tree,linear,63.745978844264606,0.7306,0.4749462278773764,"{'branching': ['V1.7'], 'leaves': [{0: 0.0, 1: 1.0}, {0: 1.0, 1: 0.0}]}"
2,0.25,0.31,1,tree,lasso,63.745978844264606,0.7306,0.4749462278773764,"{'branching': ['V1.7'], 'leaves': [{0: 0.0, 1: 1.0}, {0: 1.0, 1: 0.0}]}"
2,0.25,0.31,1,log,linear,63.745978844264606,0.7306,0.4749462278773764,"{'branching': ['V1.7'], 'leaves': [{0: 0.0, 1: 1.0}, {0: 1.0, 1: 0.0}]}"
2,0.25,0.31,1,log,lasso,63.745978844264606,0.7306,0.4749462278773764,"{'branching': ['V1.7'], 'leaves': [{0: 0.0, 1: 1.0}, {0: 1.0, 1: 0.0}]}"
2,0.25,0.32,1,tree,linear,63.745978844264606,0.7306,0.4749462278773764,"{'branching': ['V1.7'], 'leaves': [{0: 0.0, 1: 1.0}, {0: 1.0, 1: 0.0}]}"
2,0.25,0.32,1,tree,lasso,63.745978844264606,0.7306,0.4749462278773764,"{'branching': ['V1.7'], 'leaves': [{0: 0.0, 1: 1.0}, {0: 1.0, 1: 0.0}]}"
2,0.25,0.32,1,log,linear,63.745978844264606,0.7306,0.4749462278773764,"{'branching': ['V1.7'], 'leaves': [{0: 0.0, 1: 1.0}, {0: 1.0, 1: 0.0}]}"
2,0.25,0.32,1,log,lasso,63.745978844264606,0.7306,0.4749462278773764,"{'branching': ['V1.7'], 'leaves': [{0: 0.0, 1: 1.0}, {0: 1.0, 1: 0.0}]}"
2,0.25,0.33,1,tree,linear,63.745978844264606,0.7306,0.4749462278773764,"{'branching': ['V1.7'], 'leaves': [{0: 0.0, 1: 1.0}, {0: 1.0, 1: 0.0}]}"
2,0.25,0.33,1,tree,lasso,63.745978844264606,0.7306,0.4749462278773764,"{'branching': ['V1.7'], 'leaves': [{0: 0.0, 1: 1.0}, {0: 1.0, 1: 0.0}]}"
2,0.25,0.33,1,log,linear,63.745978844264606,0.7306,0.4749462278773764,"{'branching': ['V1.7'], 'leaves': [{0: 0.0, 1: 1.0}, {0: 1.0, 1: 0.0}]}"
2,0.25,0.33,1,log,lasso,63.745978844264606,0.7306,0.4749462278773764,"{'branching': ['V1.7'], 'leaves': [{0: 0.0, 1: 1.0}, {0: 1.0, 1: 0.0}]}"
2,0.25,0.34,1,tree,linear,63.745978844264606,0.7306,0.4749462278773764,"{'branching': ['V1.7'], 'leaves': [{0: 0.0, 1: 1.0}, {0: 1.0, 1: 0.0}]}"
2,0.25,0.34,1,tree,lasso,73.40774074015232,0.7525,0.4739800516877875,"{'branching': ['V1.6'], 'leaves': [{0: 0.16666666666666669, 1: 0.8333333333333333}, {0: 1.0, 1: 0.0}]}"
2,0.25,0.34,1,log,linear,63.745978844264606,0.7306,0.4749462278773764,"{'branching': ['V1.7'], 'leaves': [{0: 0.0, 1: 1.0}, {0: 1.0, 1: 0.0}]}"
2,0.25,0.34,1,log,lasso,63.745978844264606,0.7306,0.4749462278773764,"{'branching': ['V1.7'], 'leaves': [{0: 0.0, 1: 1.0}, {0: 1.0, 1: 0.0}]}"
2,0.25,0.35,1,tree,linear,63.745978844264606,0.7306,0.4749462278773764,"{'branching': ['V1.7'], 'leaves': [{0: 0.0, 1: 1.0}, {0: 1.0, 1: 0.0}]}"
2,0.25,0.35,1,tree,lasso,67.50328686300803,0.7648,0.4745704970754997,"{'branching': ['V1.6'], 'leaves': [{0: 0.14215686274509826, 1: 0.8578431372549018}, {0: 1.0, 1: 0.0}]}"
2,0.25,0.35,1,log,linear,63.745978844264606,0.7306,0.4749462278773764,"{'branching': ['V1.7'], 'leaves': [{0: 0.0, 1: 1.0}, {0: 1.0, 1: 0.0}]}"
2,0.25,0.35,1,log,lasso,63.745978844264606,0.7306,0.4749462278773764,"{'branching': ['V1.7'], 'leaves': [{0: 0.0, 1: 1.0}, {0: 1.0, 1: 0.0}]}"
2,0.25,0.36,1,tree,linear,61.598832985864064,0.7713,0.4751609424632156,"{'branching': ['V1.6'], 'leaves': [{0: 0.11764705882352941, 1: 0.8823529411764706}, {0: 1.0, 1: 0.0}]}"
2,0.25,0.36,1,tree,lasso,61.598832985864064,0.7731,0.4751609424632156,"{'branching': ['V1.6'], 'leaves': [{0: 0.11764705882352941, 1: 0.8823529411764706}, {0: 1.0, 1: 0.0}]}"
2,0.25,0.36,1,log,linear,61.598832985864064,0.7724,0.4751609424632156,"{'branching': ['V1.6'], 'leaves': [{0: 0.11764705882352941, 1: 0.8823529411764706}, {0: 1.0, 1: 0.0}]}"
2,0.25,0.36,1,log,lasso,63.745978844264606,0.7306,0.4749462278773764,"{'branching': ['V1.7'], 'leaves': [{0: 0.0, 1: 1.0}, {0: 1.0, 1: 0.0}]}"
2,0.25,0.37,1,tree,linear,55.69437910871995,0.7831,0.4757513878509297,"{'branching': ['V1.6'], 'leaves': [{0: 0.09313725490196076, 1: 0.9068627450980392}, {0: 1.0, 1: 0.0}]}"
2,0.25,0.37,1,tree,lasso,55.69437910871989,0.7809,0.4757513878509297,"{'branching': ['V1.6'], 'leaves': [{0: 0.09313725490196079, 1: 0.9068627450980392}, {0: 1.0, 1: 0.0}]}"
2,0.25,0.37,1,log,linear,55.69437910871989,0.7852,0.4757513878509297,"{'branching': ['V1.6'], 'leaves': [{0: 0.09313725490196079, 1: 0.9068627450980392}, {0: 1.0, 1: 0.0}]}"
2,0.25,0.37,1,log,lasso,63.745978844264606,0.7306,0.4749462278773764,"{'branching': ['V1.7'], 'leaves': [{0: 0.0, 1: 1.0}, {0: 1.0, 1: 0.0}]}"
2,0.25,0.38,1,tree,linear,49.78992523157574,0.7922,0.4763418332386444,"{'branching': ['V1.6'], 'leaves': [{0: 0.06862745098039216, 1: 0.9313725490196079}, {0: 1.0, 1: 0.0}]}"
2,0.25,0.38,1,tree,lasso,49.78992523157574,0.7926,0.4763418332386444,"{'branching': ['V1.6'], 'leaves': [{0: 0.06862745098039216, 1: 0.9313725490196079}, {0: 1.0, 1: 0.0}]}"
2,0.25,0.38,1,log,linear,49.78992523157574,0.7881,0.4763418332386444,"{'branching': ['V1.6'], 'leaves': [{0: 0.06862745098039216, 1: 0.9313725490196079}, {0: 1.0, 1: 0.0}]}"
2,0.25,0.38,1,log,lasso,63.745978844264606,0.7306,0.4749462278773764,"{'branching': ['V1.7'], 'leaves': [{0: 0.0, 1: 1.0}, {0: 1.0, 1: 0.0}]}"
2,0.25,0.39,1,tree,linear,43.8854713544316,0.8011,0.4769322786263574,"{'branching': ['V1.6'], 'leaves': [{0: 0.044117647058823525, 1: 0.9558823529411765}, {0: 1.0, 1: 0.0}]}"
2,0.25,0.39,1,tree,lasso,43.88547135443159,0.8012,0.4769322786263574,"{'branching': ['V1.6'], 'leaves': [{0: 0.04411764705882353, 1: 0.9558823529411765}, {0: 1.0, 1: 0.0}]}"
2,0.25,0.39,1,log,linear,43.88547135443159,0.7995,0.4769322786263574,"{'branching': ['V1.6'], 'leaves': [{0: 0.04411764705882353, 1: 0.9558823529411765}, {0: 1.0, 1: 0.0}]}"
2,0.25,0.39,1,log,lasso,43.885471354431616,0.8033,0.4769322786263574,"{'branching': ['V1.6'], 'leaves': [{0: 0.04411764705882352, 1: 0.9558823529411765}, {0: 1.0, 1: 0.0}]}"
2,0.25,0.4,1,tree,linear,37.981017477287686,0.8103,0.4775227240140737,"{'branching': ['V1.6'], 'leaves': [{0: 0.0196078431372549, 1: 0.9803921568627451}, {0: 1.0, 1: 0.0}]}"
2,0.25,0.4,1,tree,lasso,37.98101747728757,0.8112,0.4775227240140737,"{'branching': ['V1.6'], 'leaves': [{0: 0.019607843137254832, 1: 0.9803921568627452}, {0: 1.0, 1: 0.0}]}"
2,0.25,0.4,1,log,linear,37.981017477287686,0.8113,0.4775227240140737,"{'branching': ['V1.6'], 'leaves': [{0: 0.0196078431372549, 1: 0.9803921568627451}, {0: 1.0, 1: 0.0}]}"
2,0.25,0.4,1,log,lasso,37.981017477287686,0.8122,0.4775227240140737,"{'branching': ['V1.6'], 'leaves': [{0: 0.0196078431372549, 1: 0.9803921568627451}, {0: 1.0, 1: 0.0}]}"
3,0.25,0.05,1,tree,linear,186.02830024913624,0.5493,0.5046474734392269,"{'branching': ['V1.9'], 'leaves': [{0: 0.5283018867924527, 1: 0.4716981132075471}, {0: 1.0, 1: 0.0}]}"
3,0.25,0.05,1,tree,lasso,186.028300249136,0.5482,0.5046474734392269,"{'branching': ['V1.9'], 'leaves': [{0: 0.5283018867924532, 1: 0.471698113207547}, {0: 1.0, 1: 0.0}]}"
3,0.25,0.05,1,log,linear,186.028300249136,0.5508,0.5046474734392269,"{'branching': ['V1.9'], 'leaves': [{0: 0.5283018867924533, 1: 0.47169811320754695}, {0: 1.0, 1: 0.0}]}"
3,0.25,0.05,1,log,lasso,186.02830024913607,0.5512,0.5046474734392269,"{'branching': ['V1.9'], 'leaves': [{0: 0.5283018867924528, 1: 0.4716981132075472}, {0: 1.0, 1: 0.0}]}"
3,0.25,0.06,1,tree,linear,178.75373602764452,0.5596,0.5053749298613767,"{'branching': ['V1.9'], 'leaves': [{0: 0.4339622641509434, 1: 0.5660377358490566}, {0: 1.0, 1: 0.0}]}"
3,0.25,0.06,1,tree,lasso,178.75373602764452,0.5579,0.5053749298613767,"{'branching': ['V1.9'], 'leaves': [{0: 0.4339622641509434, 1: 0.5660377358490566}, {0: 1.0, 1: 0.0}]}"
3,0.25,0.06,1,log,linear,178.75373602764452,0.5576,0.5053749298613767,"{'branching': ['V1.9'], 'leaves': [{0: 0.4339622641509434, 1: 0.5660377358490566}, {0: 1.0, 1: 0.0}]}"
3,0.25,0.06,1,log,lasso,178.75373602764452,0.5579,0.5053749298613767,"{'branching': ['V1.9'], 'leaves': [{0: 0.4339622641509434, 1: 0.5660377358490566}, {0: 1.0, 1: 0.0}]}"
3,0.25,0.07,1,tree,linear,171.47917180615298,0.567,0.5061023862835254,"{'branching': ['V1.9'], 'leaves': [{0: 0.3396226415094339, 1: 0.6603773584905661}, {0: 1.0, 1: 0.0}]}"
3,0.25,0.07,1,tree,lasso,171.47917180615298,0.5659,0.5061023862835254,"{'branching': ['V1.9'], 'leaves': [{0: 0.3396226415094339, 1: 0.6603773584905661}, {0: 1.0, 1: 0.0}]}"
3,0.25,0.07,1,log,linear,171.47917180615298,0.5672,0.5061023862835254,"{'branching': ['V1.9'], 'leaves': [{0: 0.3396226415094341, 1: 0.6603773584905659}, {0: 1.0, 1: 0.0}]}"
3,0.25,0.07,1,log,lasso,171.47917180615298,0.5645,0.5061023862835254,"{'branching': ['V1.9'], 'leaves': [{0: 0.3396226415094339, 1: 0.6603773584905661}, {0: 1.0, 1: 0.0}]}"
3,0.25,0.08,1,tree,linear,164.2046075846614,0.5762,0.5068298427056744,"{'branching': ['V1.9'], 'leaves': [{0: 0.24528301886792447, 1: 0.7547169811320755}, {0: 1.0, 1: 0.0}]}"
3,0.25,0.08,1,tree,lasso,164.20460758466845,0.5768,0.5068298427056739,"{'branching': ['V1.9'], 'leaves': [{0: 0.2452830188679881, 1: 0.7547169811320117}, {0: 0.999999999999979, 1: 2.0872192862953378e-14}]}"
3,0.25,0.08,1,log,linear,164.2046075846614,0.5766,0.5068298427056744,"{'branching': ['V1.9'], 'leaves': [{0: 0.24528301886792453, 1: 0.7547169811320755}, {0: 1.0, 1: 0.0}]}"
3,0.25,0.08,1,log,lasso,164.20460758465418,0.5778,0.5068298427056753,"{'branching': ['V1.9'], 'leaves': [{0: 0.24528301886792128, 1: 0.7547169811320787}, {0: 1.0000000000000016, 1: 0.0}]}"
3,0.25,0.09,1,tree,linear,156.93004336316986,0.5854,0.5075572991278244,"{'branching': ['V1.9'], 'leaves': [{0: 0.15094339622641506, 1: 0.8490566037735849}, {0: 1.0, 1: 0.0}]}"
3,0.25,0.09,1,tree,lasso,156.93004336316986,0.5827,0.5075572991278244,"{'branching': ['V1.9'], 'leaves': [{0: 0.1509433962264151, 1: 0.8490566037735849}, {0: 1.0, 1: 0.0}]}"
3,0.25,0.09,1,log,linear,156.93004336316986,0.5846,0.5075572991278244,"{'branching': ['V1.9'], 'leaves': [{0: 0.15094339622641506, 1: 0.8490566037735849}, {0: 1.0, 1: 0.0}]}"
3,0.25,0.09,1,log,lasso,156.9300433631678,0.584,0.5075572991278247,"{'branching': ['V1.9'], 'leaves': [{0: 0.1509433962264141, 1: 0.8490566037735859}, {0: 1.0000000000000004, 1: 0.0}]}"
3,0.25,0.1,1,tree,linear,149.65547914167828,0.5942,0.5082847555499725,"{'branching': ['V1.9'], 'leaves': [{0: 0.05660377358490566, 1: 0.9433962264150944}, {0: 1.0, 1: 0.0}]}"
3,0.25,0.1,1,tree,lasso,149.6554791416783,0.5946,0.5082847555499725,"{'branching': ['V1.9'], 'leaves': [{0: 0.05660377358490565, 1: 0.9433962264150944}, {0: 1.0, 1: 0.0}]}"
3,0.25,0.1,1,log,linear,149.6554791416783,0.594,0.5082847555499725,"{'branching': ['V1.9'], 'leaves': [{0: 0.05660377358490565, 1: 0.9433962264150944}, {0: 1.0, 1: 0.0}]}"
3,0.25,0.1,1,log,lasso,149.6554791416783,0.5932,0.5082847555499725,"{'branching': ['V1.9'], 'leaves': [{0: 0.05660377358490565, 1: 0.9433962264150944}, {0: 1.0, 1: 0.0}]}"
3,0.25,0.11,1,tree,linear,145.2907406087841,0.5992,0.5087212294032626,"{'branching': ['V1.9'], 'leaves': [{0: 0.0, 1: 1.0}, {0: 0.9999999999999999, 1: 0.0}]}"
3,0.25,0.11,1,tree,lasso,145.29074060878338,0.5992,0.5087212294032627,"{'branching': ['V1.9'], 'leaves': [{0: 0.0, 1: 1.0}, {0: 1.0, 1: 0.0}]}"
3,0.25,0.11,1,log,linear,145.29074060878338,0.5992,0.5087212294032627,"{'branching': ['V1.9'], 'leaves': [{0: 0.0, 1: 1.0}, {0: 1.0, 1: 0.0}]}"
3,0.25,0.11,1,log,lasso,145.29074060878338,0.5992,0.5087212294032627,"{'branching': ['V1.9'], 'leaves': [{0: 0.0, 1: 1.0}, {0: 1.0, 1: 0.0}]}"
3,0.25,0.12,1,tree,linear,145.29074060878338,0.5992,0.5087212294032627,"{'branching': ['V1.9'], 'leaves': [{0: 0.0, 1: 1.0}, {0: 1.0, 1: 0.0}]}"
3,0.25,0.12,1,tree,lasso,145.29074060878338,0.5992,0.5087212294032627,"{'branching': ['V1.9'], 'leaves': [{0: 0.0, 1: 1.0}, {0: 1.0, 1: 0.0}]}"
3,0.25,0.12,1,log,linear,145.29074060878338,0.5992,0.5087212294032627,"{'branching': ['V1.9'], 'leaves': [{0: 0.0, 1: 1.0}, {0: 1.0, 1: 0.0}]}"
3,0.25,0.12,1,log,lasso,145.29074060878338,0.5992,0.5087212294032627,"{'branching': ['V1.9'], 'leaves': [{0: 0.0, 1: 1.0}, {0: 1.0, 1: 0.0}]}"
3,0.25,0.13,1,tree,linear,145.29074060878338,0.5992,0.5087212294032627,"{'branching': ['V1.9'], 'leaves': [{0: 0.0, 1: 1.0}, {0: 1.0, 1: 0.0}]}"
3,0.25,0.13,1,tree,lasso,145.29074060878338,0.5992,0.5087212294032627,"{'branching': ['V1.9'], 'leaves': [{0: 0.0, 1: 1.0}, {0: 1.0, 1: 0.0}]}"
3,0.25,0.13,1,log,linear,145.29074060878338,0.5992,0.5087212294032627,"{'branching': ['V1.9'], 'leaves': [{0: 0.0, 1: 1.0}, {0: 1.0, 1: 0.0}]}"
3,0.25,0.13,1,log,lasso,145.29074060878338,0.5992,0.5087212294032627,"{'branching': ['V1.9'], 'leaves': [{0: 0.0, 1: 1.0}, {0: 1.0, 1: 0.0}]}"
3,0.25,0.14,1,tree,linear,145.29074060878338,0.5992,0.5087212294032627,"{'branching': ['V1.9'], 'leaves': [{0: 0.0, 1: 1.0}, {0: 1.0, 1: 0.0}]}"
3,0.25,0.14,1,tree,lasso,145.29074060878338,0.5992,0.5087212294032627,"{'branching': ['V1.9'], 'leaves': [{0: 0.0, 1: 1.0}, {0: 1.0, 1: 0.0}]}"
3,0.25,0.14,1,log,linear,145.29074060878338,0.5992,0.5087212294032627,"{'branching': ['V1.9'], 'leaves': [{0: 0.0, 1: 1.0}, {0: 1.0, 1: 0.0}]}"
3,0.25,0.14,1,log,lasso,145.2907406087841,0.5992,0.5087212294032626,"{'branching': ['V1.9'], 'leaves': [{0: 0.0, 1: 1.0}, {0: 0.9999999999999999, 1: 0.0}]}"
3,0.25,0.15,1,tree,linear,145.29074060878338,0.5992,0.5087212294032627,"{'branching': ['V1.9'], 'leaves': [{0: 0.0, 1: 1.0}, {0: 1.0, 1: 0.0}]}"
3,0.25,0.15,1,tree,lasso,145.29074060878338,0.5992,0.5087212294032627,"{'branching': ['V1.9'], 'leaves': [{0: 0.0, 1: 1.0}, {0: 1.0, 1: 0.0}]}"
3,0.25,0.15,1,log,linear,145.29074060878338,0.5992,0.5087212294032627,"{'branching': ['V1.9'], 'leaves': [{0: 0.0, 1: 1.0}, {0: 1.0, 1: 0.0}]}"
3,0.25,0.15,1,log,lasso,145.29074060878338,0.5992,0.5087212294032627,"{'branching': ['V1.9'], 'leaves': [{0: 0.0, 1: 1.0}, {0: 1.0, 1: 0.0}]}"
3,0.25,0.16,1,tree,linear,145.29074060878338,0.5992,0.5087212294032627,"{'branching': ['V1.9'], 'leaves': [{0: 0.0, 1: 1.0}, {0: 1.0, 1: 0.0}]}"
3,0.25,0.16,1,tree,lasso,145.29074060878338,0.5992,0.5087212294032627,"{'branching': ['V1.9'], 'leaves': [{0: 0.0, 1: 1.0}, {0: 1.0, 1: 0.0}]}"
3,0.25,0.16,1,log,linear,145.29074060878338,0.5992,0.5087212294032627,"{'branching': ['V1.9'], 'leaves': [{0: 0.0, 1: 1.0}, {0: 1.0, 1: 0.0}]}"
3,0.25,0.16,1,log,lasso,145.29074060878338,0.5992,0.5087212294032627,"{'branching': ['V1.9'], 'leaves': [{0: 0.0, 1: 1.0}, {0: 1.0, 1: 0.0}]}"
3,0.25,0.17,1,tree,linear,145.29074060878338,0.5992,0.5087212294032627,"{'branching': ['V1.9'], 'leaves': [{0: 0.0, 1: 1.0}, {0: 1.0, 1: 0.0}]}"
3,0.25,0.17,1,tree,lasso,145.29074060878338,0.5992,0.5087212294032627,"{'branching': ['V1.9'], 'leaves': [{0: 0.0, 1: 1.0}, {0: 1.0, 1: 0.0}]}"
3,0.25,0.17,1,log,linear,145.29074060878324,0.5992,0.5087212294032627,"{'branching': ['V1.9'], 'leaves': [{0: 0.0, 1: 1.0000000000000002}, {0: 1.0, 1: 0.0}]}"
3,0.25,0.17,1,log,lasso,145.29074060878338,0.5992,0.5087212294032627,"{'branching': ['V1.9'], 'leaves': [{0: 0.0, 1: 1.0}, {0: 1.0, 1: 0.0}]}"
3,0.25,0.18,1,tree,linear,145.29074060878347,0.5992,0.5087212294032626,"{'branching': ['V1.9'], 'leaves': [{0: 9.43689570931383e-16, 1: 0.9999999999999991}, {0: 0.9999999999999989, 1: 1.1102230246251565e-15}]}"
3,0.25,0.18,1,tree,lasso,105.14278233749218,0.6719,0.5127360252303923,"{'branching': ['V1.8'], 'leaves': [{0: 0.0909090909090909, 1: 0.9090909090909091}, {0: 1.0, 1: 0.0}]}"
3,0.25,0.18,1,log,linear,145.29074060878338,0.5992,0.5087212294032627,"{'branching': ['V1.9'], 'leaves': [{0: 0.0, 1: 1.0}, {0: 1.0, 1: 0.0}]}"
3,0.25,0.18,1,log,lasso,145.29074060878338,0.5992,0.5087212294032627,"{'branching': ['V1.9'], 'leaves': [{0: 0.0, 1: 1.0}, {0: 1.0, 1: 0.0}]}"
3,0.25,0.19,1,tree,linear,145.2907406087831,0.5992,0.5087212294032627,"{'branching': ['V1.9'], 'leaves': [{0: 0.0, 1: 1.0000000000000004}, {0: 1.0, 1: 0.0}]}"
3,0.25,0.19,1,tree,lasso,98.62843016976426,0.6814,0.5133874604471643,"{'branching': ['V1.8'], 'leaves': [{0: 0.04040404040404044, 1: 0.9595959595959596}, {0: 1.0, 1: 0.0}]}"
3,0.25,0.19,1,log,linear,98.62843016976429,0.6821,0.5133874604471643,"{'branching': ['V1.8'], 'leaves': [{0: 0.04040404040404041, 1: 0.9595959595959596}, {0: 1.0, 1: 0.0}]}"
3,0.25,0.19,1,log,lasso,145.29074060878338,0.5992,0.5087212294032627,"{'branching': ['V1.9'], 'leaves': [{0: 0.0, 1: 1.0}, {0: 1.0, 1: 0.0}]}"
3,0.25,0.2,1,tree,linear,93.41694843558194,0.6902,0.5139086086205825,"{'branching': ['V1.8'], 'leaves': [{0: 0.0, 1: 1.0}, {0: 1.0, 1: 0.0}]}"
3,0.25,0.2,1,tree,lasso,93.41694843558194,0.6902,0.5139086086205825,"{'branching': ['V1.8'], 'leaves': [{0: 0.0, 1: 1.0}, {0: 1.0, 1: 0.0}]}"
3,0.25,0.2,1,log,linear,93.41694843558194,0.6902,0.5139086086205825,"{'branching': ['V1.8'], 'leaves': [{0: 0.0, 1: 1.0}, {0: 1.0, 1: 0.0}]}"
3,0.25,0.2,1,log,lasso,145.29074060878338,0.5992,0.5087212294032627,"{'branching': ['V1.9'], 'leaves': [{0: 0.0, 1: 1.0}, {0: 1.0, 1: 0.0}]}"
3,0.25,0.21,1,tree,linear,93.41694843558194,0.6902,0.5139086086205825,"{'branching': ['V1.8'], 'leaves': [{0: 0.0, 1: 1.0}, {0: 1.0, 1: 0.0}]}"
3,0.25,0.21,1,tree,lasso,93.41694843558194,0.6902,0.5139086086205825,"{'branching': ['V1.8'], 'leaves': [{0: 0.0, 1: 1.0}, {0: 1.0, 1: 0.0}]}"
3,0.25,0.21,1,log,linear,93.41694843558194,0.6902,0.5139086086205825,"{'branching': ['V1.8'], 'leaves': [{0: 0.0, 1: 1.0}, {0: 1.0, 1: 0.0}]}"
3,0.25,0.21,1,log,lasso,145.29074060878338,0.5992,0.5087212294032627,"{'branching': ['V1.9'], 'leaves': [{0: 0.0, 1: 1.0}, {0: 1.0, 1: 0.0}]}"
3,0.25,0.22,1,tree,linear,93.41694843558194,0.6902,0.5139086086205825,"{'branching': ['V1.8'], 'leaves': [{0: 0.0, 1: 1.0}, {0: 1.0, 1: 0.0}]}"
3,0.25,0.22,1,tree,lasso,93.41694843558194,0.6902,0.5139086086205825,"{'branching': ['V1.8'], 'leaves': [{0: 0.0, 1: 1.0}, {0: 1.0, 1: 0.0}]}"
3,0.25,0.22,1,log,linear,93.41694843558194,0.6902,0.5139086086205825,"{'branching': ['V1.8'], 'leaves': [{0: 0.0, 1: 1.0}, {0: 1.0, 1: 0.0}]}"
3,0.25,0.22,1,log,lasso,145.29074060878338,0.5992,0.5087212294032627,"{'branching': ['V1.9'], 'leaves': [{0: 0.0, 1: 1.0}, {0: 1.0, 1: 0.0}]}"
3,0.25,0.23,1,tree,linear,93.41694843558194,0.6902,0.5139086086205825,"{'branching': ['V1.8'], 'leaves': [{0: 0.0, 1: 1.0}, {0: 1.0, 1: 0.0}]}"
3,0.25,0.23,1,tree,lasso,93.41694843558275,0.6902,0.5139086086205824,"{'branching': ['V1.8'], 'leaves': [{0: 0.0, 1: 1.0}, {0: 0.9999999999999998, 1: 0.0}]}"
3,0.25,0.23,1,log,linear,93.4169484355833,0.6902,0.5139086086205823,"{'branching': ['V1.8'], 'leaves': [{0: 1.3805065841367707e-30, 1: 0.9999999999999998}, {0: 0.9999999999999993, 1: 3.885780586188048e-16}]}"
3,0.25,0.23,1,log,lasso,145.29074060878338,0.5992,0.5087212294032627,"{'branching': ['V1.9'], 'leaves': [{0: 0.0, 1: 1.0}, {0: 1.0, 1: 0.0}]}"
3,0.25,0.24,1,tree,linear,93.41694843558194,0.6902,0.5139086086205825,"{'branching': ['V1.8'], 'leaves': [{0: 0.0, 1: 1.0}, {0: 1.0, 1: 0.0}]}"
3,0.25,0.24,1,tree,lasso,93.41694843558194,0.6902,0.5139086086205825,"{'branching': ['V1.8'], 'leaves': [{0: 0.0, 1: 1.0}, {0: 1.0, 1: 0.0}]}"
3,0.25,0.24,1,log,linear,93.41694843558112,0.6902,0.5139086086205827,"{'branching': ['V1.8'], 'leaves': [{0: 1.4432899320127058e-16, 1: 0.9999999999999999}, {0: 1.0000000000000002, 1: 0.0}]}"
3,0.25,0.24,1,log,lasso,145.29074060878338,0.5992,0.5087212294032627,"{'branching': ['V1.9'], 'leaves': [{0: 0.0, 1: 1.0}, {0: 1.0, 1: 0.0}]}"
3,0.25,0.25,1,tree,linear,93.41694843558194,0.6902,0.5139086086205825,"{'branching': ['V1.8'], 'leaves': [{0: 0.0, 1: 1.0}, {0: 1.0, 1: 0.0}]}"
3,0.25,0.25,1,tree,lasso,93.41694843558194,0.6902,0.5139086086205825,"{'branching': ['V1.8'], 'leaves': [{0: 0.0, 1: 1.0}, {0: 1.0, 1: 0.0}]}"
3,0.25,0.25,1,log,linear,93.41694843558194,0.6902,0.5139086086205825,"{'branching': ['V1.8'], 'leaves': [{0: 0.0, 1: 1.0}, {0: 1.0, 1: 0.0}]}"
3,0.25,0.25,1,log,lasso,145.29074060878338,0.5992,0.5087212294032627,"{'branching': ['V1.9'], 'leaves': [{0: 0.0, 1: 1.0}, {0: 1.0, 1: 0.0}]}"
3,0.25,0.26,1,tree,linear,93.41694843558194,0.6902,0.5139086086205825,"{'branching': ['V1.8'], 'leaves': [{0: 0.0, 1: 1.0}, {0: 1.0, 1: 0.0}]}"
3,0.25,0.26,1,tree,lasso,93.41694843558194,0.6902,0.5139086086205825,"{'branching': ['V1.8'], 'leaves': [{0: 0.0, 1: 1.0}, {0: 1.0, 1: 0.0}]}"
3,0.25,0.26,1,log,linear,93.41694843558194,0.6902,0.5139086086205825,"{'branching': ['V1.8'], 'leaves': [{0: 0.0, 1: 1.0}, {0: 1.0, 1: 0.0}]}"
3,0.25,0.26,1,log,lasso,145.29074060878338,0.5992,0.5087212294032627,"{'branching': ['V1.9'], 'leaves': [{0: 0.0, 1: 1.0}, {0: 1.0, 1: 0.0}]}"
3,0.25,0.27,1,tree,linear,93.4169484355817,0.6902,0.5139086086205825,"{'branching': ['V1.8'], 'leaves': [{0: 0.0, 1: 1.0000000000000002}, {0: 1.0, 1: 0.0}]}"
3,0.25,0.27,1,tree,lasso,93.41694843558194,0.6902,0.5139086086205825,"{'branching': ['V1.8'], 'leaves': [{0: 0.0, 1: 1.0}, {0: 1.0, 1: 0.0}]}"
3,0.25,0.27,1,log,linear,93.41694843558192,0.6902,0.5139086086205825,"{'branching': ['V1.8'], 'leaves': [{0: 5.551115123125783e-17, 1: 1.0}, {0: 1.0, 1: 5.551115123125783e-17}]}"
3,0.25,0.27,1,log,lasso,145.29074060878338,0.5992,0.5087212294032627,"{'branching': ['V1.9'], 'leaves': [{0: 0.0, 1: 1.0}, {0: 1.0, 1: 0.0}]}"
3,0.25,0.28,1,tree,linear,93.41694843558194,0.6902,0.5139086086205825,"{'branching': ['V1.8'], 'leaves': [{0: 0.0, 1: 1.0}, {0: 1.0, 1: 0.0}]}"
3,0.25,0.28,1,tree,lasso,93.41694843558194,0.6902,0.5139086086205825,"{'branching': ['V1.8'], 'leaves': [{0: 0.0, 1: 1.0}, {0: 1.0, 1: 0.0}]}"
3,0.25,0.28,1,log,linear,93.4169484355822,0.6902,0.5139086086205825,"{'branching': ['V1.8'], 'leaves': [{0: 0.0, 1: 0.9999999999999998}, {0: 1.0, 1: 0.0}]}"
3,0.25,0.28,1,log,lasso,145.29074060878338,0.5992,0.5087212294032627,"{'branching': ['V1.9'], 'leaves': [{0: 0.0, 1: 1.0}, {0: 1.0, 1: 0.0}]}"
3,0.25,0.29,1,tree,linear,93.41694843558194,0.6902,0.5139086086205825,"{'branching': ['V1.8'], 'leaves': [{0: 0.0, 1: 1.0}, {0: 1.0, 1: 0.0}]}"
3,0.25,0.29,1,tree,lasso,93.41694843558194,0.6902,0.5139086086205825,"{'branching': ['V1.8'], 'leaves': [{0: 0.0, 1: 1.0}, {0: 1.0, 1: 0.0}]}"
3,0.25,0.29,1,log,linear,93.41694843558194,0.6902,0.5139086086205825,"{'branching': ['V1.8'], 'leaves': [{0: 0.0, 1: 1.0}, {0: 1.0, 1: 0.0}]}"
3,0.25,0.29,1,log,lasso,145.29074060878338,0.5992,0.5087212294032627,"{'branching': ['V1.9'], 'leaves': [{0: 0.0, 1: 1.0}, {0: 1.0, 1: 0.0}]}"
3,0.25,0.3,1,tree,linear,93.41694843558194,0.6902,0.5139086086205825,"{'branching': ['V1.8'], 'leaves': [{0: 0.0, 1: 1.0}, {0: 1.0, 1: 0.0}]}"
3,0.25,0.3,1,tree,lasso,93.41694843558194,0.6902,0.5139086086205825,"{'branching': ['V1.8'], 'leaves': [{0: 0.0, 1: 1.0}, {0: 1.0, 1: 0.0}]}"
3,0.25,0.3,1,log,linear,93.41694843558194,0.6902,0.5139086086205825,"{'branching': ['V1.8'], 'leaves': [{0: 0.0, 1: 1.0}, {0: 1.0, 1: 0.0}]}"
3,0.25,0.3,1,log,lasso,145.29074060878338,0.5992,0.5087212294032627,"{'branching': ['V1.9'], 'leaves': [{0: 0.0, 1: 1.0}, {0: 1.0, 1: 0.0}]}"
3,0.25,0.31,1,tree,linear,93.41694843558194,0.6902,0.5139086086205825,"{'branching': ['V1.8'], 'leaves': [{0: 0.0, 1: 1.0}, {0: 1.0, 1: 0.0}]}"
3,0.25,0.31,1,tree,lasso,93.41694843558194,0.6902,0.5139086086205825,"{'branching': ['V1.8'], 'leaves': [{0: 0.0, 1: 1.0}, {0: 1.0, 1: 0.0}]}"
3,0.25,0.31,1,log,linear,93.41694843558194,0.6902,0.5139086086205825,"{'branching': ['V1.8'], 'leaves': [{0: 0.0, 1: 1.0}, {0: 1.0, 1: 0.0}]}"
3,0.25,0.31,1,log,lasso,145.29074060878338,0.5992,0.5087212294032627,"{'branching': ['V1.9'], 'leaves': [{0: 0.0, 1: 1.0}, {0: 1.0, 1: 0.0}]}"
3,0.25,0.32,1,tree,linear,93.41694843558194,0.6902,0.5139086086205825,"{'branching': ['V1.8'], 'leaves': [{0: 0.0, 1: 1.0}, {0: 1.0, 1: 0.0}]}"
3,0.25,0.32,1,tree,lasso,93.41694843558194,0.6902,0.5139086086205825,"{'branching': ['V1.8'], 'leaves': [{0: 0.0, 1: 1.0}, {0: 1.0, 1: 0.0}]}"
3,0.25,0.32,1,log,linear,93.41694843558194,0.6902,0.5139086086205825,"{'branching': ['V1.8'], 'leaves': [{0: 0.0, 1: 1.0}, {0: 1.0, 1: 0.0}]}"
3,0.25,0.32,1,log,lasso,145.29074060878338,0.5992,0.5087212294032627,"{'branching': ['V1.9'], 'leaves': [{0: 0.0, 1: 1.0}, {0: 1.0, 1: 0.0}]}"
3,0.25,0.33,1,tree,linear,93.41694843558194,0.6902,0.5139086086205825,"{'branching': ['V1.8'], 'leaves': [{0: 0.0, 1: 1.0}, {0: 1.0, 1: 0.0}]}"
3,0.25,0.33,1,tree,lasso,93.41694843558194,0.6902,0.5139086086205825,"{'branching': ['V1.8'], 'leaves': [{0: 0.0, 1: 1.0}, {0: 1.0, 1: 0.0}]}"
3,0.25,0.33,1,log,linear,93.41694843558194,0.6902,0.5139086086205825,"{'branching': ['V1.8'], 'leaves': [{0: 0.0, 1: 1.0}, {0: 1.0, 1: 0.0}]}"
3,0.25,0.33,1,log,lasso,145.29074060878338,0.5992,0.5087212294032627,"{'branching': ['V1.9'], 'leaves': [{0: 0.0, 1: 1.0}, {0: 1.0, 1: 0.0}]}"
3,0.25,0.34,1,tree,linear,93.41694843558194,0.6902,0.5139086086205825,"{'branching': ['V1.8'], 'leaves': [{0: 0.0, 1: 1.0}, {0: 1.0, 1: 0.0}]}"
3,0.25,0.34,1,tree,lasso,93.41694843558194,0.6902,0.5139086086205825,"{'branching': ['V1.8'], 'leaves': [{0: 0.0, 1: 1.0}, {0: 1.0, 1: 0.0}]}"
3,0.25,0.34,1,log,linear,93.41694843558194,0.6902,0.5139086086205825,"{'branching': ['V1.8'], 'leaves': [{0: 0.0, 1: 1.0}, {0: 1.0, 1: 0.0}]}"
3,0.25,0.34,1,log,lasso,145.29074060878338,0.5992,0.5087212294032627,"{'branching': ['V1.9'], 'leaves': [{0: 0.0, 1: 1.0}, {0: 1.0, 1: 0.0}]}"
3,0.25,0.35,1,tree,linear,93.41694843558194,0.6902,0.5139086086205825,"{'branching': ['V1.8'], 'leaves': [{0: 0.0, 1: 1.0}, {0: 1.0, 1: 0.0}]}"
3,0.25,0.35,1,tree,lasso,93.41694843558194,0.6902,0.5139086086205825,"{'branching': ['V1.8'], 'leaves': [{0: 0.0, 1: 1.0}, {0: 1.0, 1: 0.0}]}"
3,0.25,0.35,1,log,linear,93.41694843558194,0.6902,0.5139086086205825,"{'branching': ['V1.8'], 'leaves': [{0: 0.0, 1: 1.0}, {0: 1.0, 1: 0.0}]}"
3,0.25,0.35,1,log,lasso,145.29074060878338,0.5992,0.5087212294032627,"{'branching': ['V1.9'], 'leaves': [{0: 0.0, 1: 1.0}, {0: 1.0, 1: 0.0}]}"
3,0.25,0.36,1,tree,linear,93.41694843558194,0.6902,0.5139086086205825,"{'branching': ['V1.8'], 'leaves': [{0: 0.0, 1: 1.0}, {0: 1.0, 1: 0.0}]}"
3,0.25,0.36,1,tree,lasso,93.41694843558194,0.6902,0.5139086086205825,"{'branching': ['V1.8'], 'leaves': [{0: 0.0, 1: 1.0}, {0: 1.0, 1: 0.0}]}"
3,0.25,0.36,1,log,linear,93.41694843558194,0.6902,0.5139086086205825,"{'branching': ['V1.8'], 'leaves': [{0: 0.0, 1: 1.0}, {0: 1.0, 1: 0.0}]}"
3,0.25,0.36,1,log,lasso,145.29074060878338,0.5992,0.5087212294032627,"{'branching': ['V1.9'], 'leaves': [{0: 0.0, 1: 1.0}, {0: 1.0, 1: 0.0}]}"
3,0.25,0.37,1,tree,linear,93.41694843558194,0.6902,0.5139086086205825,"{'branching': ['V1.8'], 'leaves': [{0: 0.0, 1: 1.0}, {0: 1.0, 1: 0.0}]}"
3,0.25,0.37,1,tree,lasso,93.41694843558194,0.6902,0.5139086086205825,"{'branching': ['V1.8'], 'leaves': [{0: 0.0, 1: 1.0}, {0: 1.0, 1: 0.0}]}"
3,0.25,0.37,1,log,linear,93.41694843558254,0.6902,0.5139086086205824,"{'branching': ['V1.8'], 'leaves': [{0: 0.0, 1: 1.0000000000000002}, {0: 0.9999999999999998, 1: 0.0}]}"
3,0.25,0.37,1,log,lasso,145.29074060878338,0.5992,0.5087212294032627,"{'branching': ['V1.9'], 'leaves': [{0: 0.0, 1: 1.0}, {0: 1.0, 1: 0.0}]}"
3,0.25,0.38,1,tree,linear,93.41694843558194,0.6902,0.5139086086205825,"{'branching': ['V1.8'], 'leaves': [{0: 0.0, 1: 1.0}, {0: 1.0, 1: 0.0}]}"
3,0.25,0.38,1,tree,lasso,93.41694843558194,0.6902,0.5139086086205825,"{'branching': ['V1.8'], 'leaves': [{0: 0.0, 1: 1.0}, {0: 1.0, 1: 0.0}]}"
3,0.25,0.38,1,log,linear,93.4169484355828,0.6902,0.5139086086205823,"{'branching': ['V1.8'], 'leaves': [{0: 3.7007434154171876e-17, 1: 0.9999999999999999}, {0: 0.9999999999999999, 1: 3.7007434154171876e-17}]}"
3,0.25,0.38,1,log,lasso,145.29074060878338,0.5992,0.5087212294032627,"{'branching': ['V1.9'], 'leaves': [{0: 0.0, 1: 1.0}, {0: 1.0, 1: 0.0}]}"
3,0.25,0.39,1,tree,linear,93.41694843558216,0.6902,0.5139086086205825,"{'branching': ['V1.8'], 'leaves': [{0: 0.0, 1: 0.9999999999999999}, {0: 1.0, 1: 0.0}]}"
3,0.25,0.39,1,tree,lasso,93.41694843558194,0.6902,0.5139086086205825,"{'branching': ['V1.8'], 'leaves': [{0: 0.0, 1: 1.0}, {0: 1.0, 1: 0.0}]}"
3,0.25,0.39,1,log,linear,93.41694843558194,0.6902,0.5139086086205825,"{'branching': ['V1.8'], 'leaves': [{0: 0.0, 1: 1.0}, {0: 1.0, 1: 0.0}]}"
3,0.25,0.39,1,log,lasso,145.29074060878338,0.5992,0.5087212294032627,"{'branching': ['V1.9'], 'leaves': [{0: 0.0, 1: 1.0}, {0: 1.0, 1: 0.0}]}"
3,0.25,0.4,1,tree,linear,93.41694843558194,0.6902,0.5139086086205825,"{'branching': ['V1.8'], 'leaves': [{0: 0.0, 1: 1.0}, {0: 1.0, 1: 0.0}]}"
3,0.25,0.4,1,tree,lasso,93.41694843558194,0.6902,0.5139086086205825,"{'branching': ['V1.8'], 'leaves': [{0: 0.0, 1: 1.0}, {0: 1.0, 1: 0.0}]}"
3,0.25,0.4,1,log,linear,93.41694843558194,0.6902,0.5139086086205825,"{'branching': ['V1.8'], 'leaves': [{0: 0.0, 1: 1.0}, {0: 1.0, 1: 0.0}]}"
3,0.25,0.4,1,log,lasso,145.29074060878338,0.5992,0.5087212294032627,"{'branching': ['V1.9'], 'leaves': [{0: 0.0, 1: 1.0}, {0: 1.0, 1: 0.0}]}"
4,0.25,0.05,1,tree,linear,222.36104017975623,0.4699,0.5023937727443368,"{'branching': ['V1.9'], 'leaves': [{0: 0.5454545454545455, 1: 0.4545454545454545}, {0: 1.0, 1: 0.0}]}"
4,0.25,0.05,1,tree,lasso,237.82592878761727,0.4711,0.5008472838835509,"{'branching': ['V1.6'], 'leaves': [{0: 0.877450980392157, 1: 0.12254901960784303}, {0: 1.0, 1: 0.0}]}"
4,0.25,0.05,1,log,linear,222.36104017975623,0.4717,0.5023937727443368,"{'branching': ['V1.9'], 'leaves': [{0: 0.5454545454545453, 1: 0.4545454545454546}, {0: 1.0, 1: 0.0}]}"
4,0.25,0.05,1,log,lasso,222.36104017975623,0.47,0.5023937727443368,"{'branching': ['V1.9'], 'leaves': [{0: 0.5454545454545454, 1: 0.45454545454545453}, {0: 1.0, 1: 0.0}]}"
4,0.25,0.06,1,tree,linear,213.88354817598923,0.4774,0.5032415219447134,"{'branching': ['V1.9'], 'leaves': [{0: 0.45454545454545514, 1: 0.5454545454545449}, {0: 1.0, 1: 0.0}]}"
4,0.25,0.06,1,tree,lasso,232.4414145054224,0.4745,0.501385735311768,"{'branching': ['V1.6'], 'leaves': [{0: 0.8529411764705883, 1: 0.14705882352941171}, {0: 1.0, 1: 0.0}]}"
4,0.25,0.06,1,log,linear,213.8835481759892,0.479,0.5032415219447134,"{'branching': ['V1.9'], 'leaves': [{0: 0.4545454545454546, 1: 0.5454545454545454}, {0: 1.0, 1: 0.0}]}"
4,0.25,0.06,1,log,lasso,213.8835481759892,0.4818,0.5032415219447134,"{'branching': ['V1.9'], 'leaves': [{0: 0.45454545454545453, 1: 0.5454545454545454}, {0: 1.0, 1: 0.0}]}"
4,0.25,0.07,1,tree,linear,205.4060561722221,0.4898,0.5040892711450905,"{'branching': ['V1.9'], 'leaves': [{0: 0.3636363636363637, 1: 0.6363636363636362}, {0: 1.0, 1: 0.0}]}"
4,0.25,0.07,1,tree,lasso,227.05690022322767,0.4845,0.501924186739989,"{'branching': ['V1.6'], 'leaves': [{0: 0.8284313725490196, 1: 0.1715686274509804}, {0: 1.0, 1: 0.0}]}"
4,0.25,0.07,1,log,linear,205.4060561722221,0.4925,0.5040892711450905,"{'branching': ['V1.9'], 'leaves': [{0: 0.36363636363636365, 1: 0.6363636363636364}, {0: 1.0, 1: 0.0}]}"
4,0.25,0.07,1,log,lasso,205.4060561722221,0.4893,0.5040892711450905,"{'branching': ['V1.9'], 'leaves': [{0: 0.36363636363636365, 1: 0.6363636363636364}, {0: 1.0, 1: 0.0}]}"
4,0.25,0.08,1,tree,linear,196.92856416845504,0.5006,0.5049370203454667,"{'branching': ['V1.9'], 'leaves': [{0: 0.2727272727272727, 1: 0.7272727272727273}, {0: 1.0, 1: 0.0}]}"
4,0.25,0.08,1,tree,lasso,221.67238594103264,0.4938,0.5024626381682082,"{'branching': ['V1.6'], 'leaves': [{0: 0.803921568627451, 1: 0.19607843137254902}, {0: 1.0, 1: 0.0}]}"
4,0.25,0.08,1,log,linear,196.9285641684551,0.5,0.5049370203454667,"{'branching': ['V1.9'], 'leaves': [{0: 0.27272727272727276, 1: 0.7272727272727272}, {0: 1.0, 1: 0.0}]}"
4,0.25,0.08,1,log,lasso,196.9285641684556,0.4989,0.5049370203454667,"{'branching': ['V1.9'], 'leaves': [{0: 0.27272727272727104, 1: 0.727272727272729}, {0: 0.9999999999999999, 1: 0.0}]}"
4,0.25,0.09,1,tree,linear,188.451072164688,0.5079,0.5057847695458436,"{'branching': ['V1.9'], 'leaves': [{0: 0.18181818181818182, 1: 0.8181818181818181}, {0: 1.0, 1: 0.0}]}"
4,0.25,0.09,1,tree,lasso,216.28787165883784,0.5027,0.5030010895964284,"{'branching': ['V1.6'], 'leaves': [{0: 0.7794117647058824, 1: 0.22058823529411764}, {0: 1.0, 1: 0.0}]}"
4,0.25,0.09,1,log,linear,188.45107216468776,0.5093,0.5057847695458436,"{'branching': ['V1.9'], 'leaves': [{0: 0.18181818181818182, 1: 0.8181818181818185}, {0: 1.0, 1: 0.0}]}"
4,0.25,0.09,1,log,lasso,188.451072164688,0.509,0.5057847695458436,"{'branching': ['V1.9'], 'leaves': [{0: 0.18181818181818182, 1: 0.8181818181818181}, {0: 1.0, 1: 0.0}]}"
4,0.25,0.1,1,tree,linear,179.97358016092093,0.5187,0.5066325187462212,"{'branching': ['V1.9'], 'leaves': [{0: 0.09090909090909094, 1: 0.9090909090909091}, {0: 1.0, 1: 0.0}]}"
4,0.25,0.1,1,tree,lasso,210.903357376643,0.5117,0.5035395410246475,"{'branching': ['V1.6'], 'leaves': [{0: 0.7549019607843137, 1: 0.2450980392156863}, {0: 1.0, 1: 0.0}]}"
4,0.25,0.1,1,log,linear,179.97358016092187,0.5193,0.5066325187462211,"{'branching': ['V1.9'], 'leaves': [{0: 0.09090909090909116, 1: 0.9090909090909088}, {0: 0.9999999999999998, 1: 0.0}]}"
4,0.25,0.1,1,log,lasso,179.9735801609209,0.5184,0.5066325187462212,"{'branching': ['V1.9'], 'leaves': [{0: 0.09090909090909083, 1: 0.9090909090909092}, {0: 1.0, 1: 0.0}]}"
4,0.25,0.11,1,tree,linear,171.49608815715388,0.5279,0.5074802679465963,"{'branching': ['V1.9'], 'leaves': [{0: 0.0, 1: 1.0}, {0: 1.0, 1: 0.0}]}"
4,0.25,0.11,1,tree,lasso,205.51884309444816,0.5228,0.5040779924528666,"{'branching': ['V1.6'], 'leaves': [{0: 0.7303921568627452, 1: 0.26960784313725483}, {0: 1.0, 1: 0.0}]}"
4,0.25,0.11,1,log,linear,171.49608815715388,0.5279,0.5074802679465963,"{'branching': ['V1.9'], 'leaves': [{0: 0.0, 1: 1.0}, {0: 1.0, 1: 0.0}]}"
4,0.25,0.11,1,log,lasso,171.49608815715388,0.5279,0.5074802679465963,"{'branching': ['V1.9'], 'leaves': [{0: 0.0, 1: 1.0}, {0: 1.0, 1: 0.0}]}"
4,0.25,0.12,1,tree,linear,171.49608815715388,0.5279,0.5074802679465963,"{'branching': ['V1.9'], 'leaves': [{0: 0.0, 1: 1.0}, {0: 1.0, 1: 0.0}]}"
4,0.25,0.12,1,tree,lasso,200.13432881225327,0.5336,0.5046164438810861,"{'branching': ['V1.6'], 'leaves': [{0: 0.7058823529411765, 1: 0.2941176470588235}, {0: 1.0, 1: 0.0}]}"
4,0.25,0.12,1,log,linear,171.49608815715388,0.5279,0.5074802679465963,"{'branching': ['V1.9'], 'leaves': [{0: 0.0, 1: 1.0}, {0: 1.0, 1: 0.0}]}"
4,0.25,0.12,1,log,lasso,171.49608815715388,0.5279,0.5074802679465963,"{'branching': ['V1.9'], 'leaves': [{0: 0.0, 1: 1.0}, {0: 1.0, 1: 0.0}]}"
4,0.25,0.13,1,tree,linear,171.49608815715388,0.5279,0.5074802679465963,"{'branching': ['V1.9'], 'leaves': [{0: 0.0, 1: 1.0}, {0: 1.0, 1: 0.0}]}"
4,0.25,0.13,1,tree,lasso,194.74981453005844,0.5379,0.505154895309306,"{'branching': ['V1.6'], 'leaves': [{0: 0.6813725490196079, 1: 0.31862745098039214}, {0: 1.0, 1: 0.0}]}"
4,0.25,0.13,1,log,linear,171.4960881571546,0.5279,0.5074802679465962,"{'branching': ['V1.9'], 'leaves': [{0: 0.0, 1: 1.0}, {0: 0.9999999999999999, 1: 0.0}]}"
4,0.25,0.13,1,log,lasso,171.49608815715388,0.5279,0.5074802679465963,"{'branching': ['V1.9'], 'leaves': [{0: 0.0, 1: 1.0}, {0: 1.0, 1: 0.0}]}"
4,0.25,0.14,1,tree,linear,171.49608815715388,0.5279,0.5074802679465963,"{'branching': ['V1.9'], 'leaves': [{0: 0.0, 1: 1.0}, {0: 1.0, 1: 0.0}]}"
4,0.25,0.14,1,tree,lasso,189.3653002478636,0.5433,0.5056933467375265,"{'branching': ['V1.6'], 'leaves': [{0: 0.6568627450980392, 1: 0.3431372549019608}, {0: 1.0, 1: 0.0}]}"
4,0.25,0.14,1,log,linear,171.49608815715388,0.5279,0.5074802679465963,"{'branching': ['V1.9'], 'leaves': [{0: 0.0, 1: 1.0}, {0: 1.0, 1: 0.0}]}"
4,0.25,0.14,1,log,lasso,171.49608815715388,0.5279,0.5074802679465963,"{'branching': ['V1.9'], 'leaves': [{0: 0.0, 1: 1.0}, {0: 1.0, 1: 0.0}]}"
4,0.25,0.15,1,tree,linear,171.49608815715388,0.5279,0.5074802679465963,"{'branching': ['V1.9'], 'leaves': [{0: 0.0, 1: 1.0}, {0: 1.0, 1: 0.0}]}"
4,0.25,0.15,1,tree,lasso,183.9807859656688,0.5623,0.5062317981657453,"{'branching': ['V1.6'], 'leaves': [{0: 0.6323529411764706, 1: 0.36764705882352944}, {0: 1.0, 1: 0.0}]}"
4,0.25,0.15,1,log,linear,171.49608815715388,0.5279,0.5074802679465963,"{'branching': ['V1.9'], 'leaves': [{0: 0.0, 1: 1.0}, {0: 1.0, 1: 0.0}]}"
4,0.25,0.15,1,log,lasso,171.49608815715388,0.5279,0.5074802679465963,"{'branching': ['V1.9'], 'leaves': [{0: 0.0, 1: 1.0}, {0: 1.0, 1: 0.0}]}"
4,0.25,0.16,1,tree,linear,171.49608815715388,0.5279,0.5074802679465963,"{'branching': ['V1.9'], 'leaves': [{0: 0.0, 1: 1.0}, {0: 1.0, 1: 0.0}]}"
4,0.25,0.16,1,tree,lasso,178.59627168347353,0.5674,0.5067702495939654,"{'branching': ['V1.6'], 'leaves': [{0: 0.6078431372549019, 1: 0.39215686274509826}, {0: 1.0, 1: 0.0}]}"
4,0.25,0.16,1,log,linear,171.49608815715388,0.5279,0.5074802679465963,"{'branching': ['V1.9'], 'leaves': [{0: 0.0, 1: 1.0}, {0: 1.0, 1: 0.0}]}"
4,0.25,0.16,1,log,lasso,171.49608815715388,0.5279,0.5074802679465963,"{'branching': ['V1.9'], 'leaves': [{0: 0.0, 1: 1.0}, {0: 1.0, 1: 0.0}]}"
4,0.25,0.17,1,tree,linear,171.49608815715388,0.5279,0.5074802679465963,"{'branching': ['V1.9'], 'leaves': [{0: 0.0, 1: 1.0}, {0: 1.0, 1: 0.0}]}"
4,0.25,0.17,1,tree,lasso,173.21175740127904,0.5738,0.5073087010221842,"{'branching': ['V1.6'], 'leaves': [{0: 0.5833333333333334, 1: 0.41666666666666663}, {0: 1.0, 1: 0.0}]}"
4,0.25,0.17,1,log,linear,171.49608815715374,0.5279,0.5074802679465963,"{'branching': ['V1.9'], 'leaves': [{0: 0.0, 1: 1.0000000000000002}, {0: 1.0, 1: 0.0}]}"
4,0.25,0.17,1,log,lasso,137.81790373406773,0.5945,0.5108480863889042,"{'branching': ['V1.8'], 'leaves': [{0: 0.17475728155339823, 1: 0.8252427184466018}, {0: 1.0, 1: 0.0}]}"
4,0.25,0.18,1,tree,linear,130.35139805968402,0.6014,0.511594736956343,"{'branching': ['V1.8'], 'leaves': [{0: 0.12621359223300976, 1: 0.8737864077669902}, {0: 1.0, 1: 0.0}]}"
4,0.25,0.18,1,tree,lasso,167.82724311908422,0.5763,0.5078471524504041,"{'branching': ['V1.6'], 'leaves': [{0: 0.5588235294117647, 1: 0.4411764705882353}, {0: 1.0, 1: 0.0}]}"
4,0.25,0.18,1,log,linear,130.35139805968393,0.6012,0.511594736956343,"{'branching': ['V1.8'], 'leaves': [{0: 0.1262135922330097, 1: 0.8737864077669903}, {0: 1.0, 1: 0.0}]}"
4,0.25,0.18,1,log,lasso,130.35139805968393,0.6021,0.511594736956343,"{'branching': ['V1.8'], 'leaves': [{0: 0.1262135922330097, 1: 0.8737864077669903}, {0: 1.0, 1: 0.0}]}"
4,0.25,0.19,1,tree,linear,122.88489238530022,0.6107,0.5123413875237819,"{'branching': ['V1.8'], 'leaves': [{0: 0.07766990291262135, 1: 0.9223300970873787}, {0: 1.0, 1: 0.0}]}"
4,0.25,0.19,1,tree,lasso,162.4427288368894,0.5924,0.5083856038786216,"{'branching': ['V1.6'], 'leaves': [{0: 0.5343137254901961, 1: 0.46568627450980393}, {0: 1.0, 1: 0.0}]}"
4,0.25,0.19,1,log,linear,122.88489238530023,0.6113,0.5123413875237819,"{'branching': ['V1.8'], 'leaves': [{0: 0.07766990291262132, 1: 0.9223300970873787}, {0: 1.0, 1: 0.0}]}"
4,0.25,0.19,1,log,lasso,122.8848923853002,0.6121,0.5123413875237819,"{'branching': ['V1.8'], 'leaves': [{0: 0.07766990291262137, 1: 0.9223300970873787}, {0: 1.0, 1: 0.0}]}"
4,0.25,0.2,1,tree,linear,115.41838671091648,0.6226,0.5130880380912196,"{'branching': ['V1.8'], 'leaves': [{0: 0.029126213592233018, 1: 0.970873786407767}, {0: 1.0, 1: 0.0}]}"
4,0.25,0.2,1,tree,lasso,157.0582145546945,0.6016,0.5089240553068424,"{'branching': ['V1.6'], 'leaves': [{0: 0.5098039215686274, 1: 0.4901960784313726}, {0: 1.0, 1: 0.0}]}"
4,0.25,0.2,1,log,linear,115.41838671091648,0.6222,0.5130880380912196,"{'branching': ['V1.8'], 'leaves': [{0: 0.02912621359223301, 1: 0.970873786407767}, {0: 1.0, 1: 0.0}]}"
4,0.25,0.2,1,log,lasso,115.41838671091573,0.6215,0.51308803809122,"{'branching': ['V1.8'], 'leaves': [{0: 0.029126213592233094, 1: 0.9708737864077669}, {0: 1.0000000000000002, 1: 0.0}]}"
4,0.25,0.21,1,tree,linear,110.93848330628626,0.6272,0.5135360284316813,"{'branching': ['V1.8'], 'leaves': [{0: 0.0, 1: 1.0}, {0: 1.0, 1: 0.0}]}"
4,0.25,0.21,1,tree,lasso,151.6737002725,0.6134,0.5094625067350613,"{'branching': ['V1.6'], 'leaves': [{0: 0.4852941176470587, 1: 0.5147058823529411}, {0: 1.0, 1: 0.0}]}"
4,0.25,0.21,1,log,linear,110.93848330628626,0.6272,0.5135360284316813,"{'branching': ['V1.8'], 'leaves': [{0: 0.0, 1: 1.0}, {0: 1.0, 1: 0.0}]}"
4,0.25,0.21,1,log,lasso,110.93848330628626,0.6272,0.5135360284316813,"{'branching': ['V1.8'], 'leaves': [{0: 0.0, 1: 1.0}, {0: 1.0, 1: 0.0}]}"
4,0.25,0.22,1,tree,linear,110.93848330628626,0.6272,0.5135360284316813,"{'branching': ['V1.8'], 'leaves': [{0: 0.0, 1: 1.0}, {0: 1.0, 1: 0.0}]}"
4,0.25,0.22,1,tree,lasso,146.28918599030482,0.6154,0.5100009581632813,"{'branching': ['V1.6'], 'leaves': [{0: 0.4607843137254902, 1: 0.5392156862745098}, {0: 1.0, 1: 0.0}]}"
4,0.25,0.22,1,log,linear,110.93848330628626,0.6272,0.5135360284316813,"{'branching': ['V1.8'], 'leaves': [{0: 0.0, 1: 1.0}, {0: 1.0, 1: 0.0}]}"
4,0.25,0.22,1,log,lasso,110.93848330628626,0.6272,0.5135360284316813,"{'branching': ['V1.8'], 'leaves': [{0: 0.0, 1: 1.0}, {0: 1.0, 1: 0.0}]}"
4,0.25,0.23,1,tree,linear,110.93848330628626,0.6272,0.5135360284316813,"{'branching': ['V1.8'], 'leaves': [{0: 0.0, 1: 1.0}, {0: 1.0, 1: 0.0}]}"
4,0.25,0.23,1,tree,lasso,140.90467170811078,0.6316,0.5105394095915017,"{'branching': ['V1.6'], 'leaves': [{0: 0.436274509803922, 1: 0.5637254901960779}, {0: 0.9999999999999999, 1: 0.0}]}"
4,0.25,0.23,1,log,linear,110.93848330628626,0.6272,0.5135360284316813,"{'branching': ['V1.8'], 'leaves': [{0: 0.0, 1: 1.0}, {0: 1.0, 1: 0.0}]}"
4,0.25,0.23,1,log,lasso,110.93848330628626,0.6272,0.5135360284316813,"{'branching': ['V1.8'], 'leaves': [{0: 0.0, 1: 1.0}, {0: 1.0, 1: 0.0}]}"
4,0.25,0.24,1,tree,linear,110.93848330628626,0.6272,0.5135360284316813,"{'branching': ['V1.8'], 'leaves': [{0: 0.0, 1: 1.0}, {0: 1.0, 1: 0.0}]}"
4,0.25,0.24,1,tree,lasso,135.5201574259151,0.6346,0.5110778610197225,"{'branching': ['V1.6'], 'leaves': [{0: 0.4117647058823529, 1: 0.5882352941176471}, {0: 1.0, 1: 0.0}]}"
4,0.25,0.24,1,log,linear,110.93848330628626,0.6272,0.5135360284316813,"{'branching': ['V1.8'], 'leaves': [{0: 0.0, 1: 1.0}, {0: 1.0, 1: 0.0}]}"
4,0.25,0.24,1,log,lasso,110.93848330628543,0.6272,0.5135360284316814,"{'branching': ['V1.8'], 'leaves': [{0: 0.0, 1: 1.0}, {0: 1.0000000000000002, 1: 0.0}]}"
4,0.25,0.25,1,tree,linear,110.93848330628626,0.6272,0.5135360284316813,"{'branching': ['V1.8'], 'leaves': [{0: 0.0, 1: 1.0}, {0: 1.0, 1: 0.0}]}"
4,0.25,0.25,1,tree,lasso,130.13564314371976,0.6472,0.5116163124479405,"{'branching': ['V1.6'], 'leaves': [{0: 0.3872549019607844, 1: 0.6127450980392158}, {0: 1.0, 1: 0.0}]}"
4,0.25,0.25,1,log,linear,110.93848330628626,0.6272,0.5135360284316813,"{'branching': ['V1.8'], 'leaves': [{0: 0.0, 1: 1.0}, {0: 1.0, 1: 0.0}]}"
4,0.25,0.25,1,log,lasso,110.93848330628626,0.6272,0.5135360284316813,"{'branching': ['V1.8'], 'leaves': [{0: 0.0, 1: 1.0}, {0: 1.0, 1: 0.0}]}"
4,0.25,0.26,1,tree,linear,110.93848330628626,0.6272,0.5135360284316813,"{'branching': ['V1.8'], 'leaves': [{0: 0.0, 1: 1.0}, {0: 1.0, 1: 0.0}]}"
4,0.25,0.26,1,tree,lasso,124.75112886152554,0.6533,0.5121547638761575,"{'branching': ['V1.6'], 'leaves': [{0: 0.3627450980392157, 1: 0.6372549019607843}, {0: 1.0, 1: 0.0}]}"
4,0.25,0.26,1,log,linear,110.93848330628626,0.6272,0.5135360284316813,"{'branching': ['V1.8'], 'leaves': [{0: 0.0, 1: 1.0}, {0: 1.0, 1: 0.0}]}"
4,0.25,0.26,1,log,lasso,110.93848330628626,0.6272,0.5135360284316813,"{'branching': ['V1.8'], 'leaves': [{0: 0.0, 1: 1.0}, {0: 1.0, 1: 0.0}]}"
4,0.25,0.27,1,tree,linear,110.93848330628626,0.6272,0.5135360284316813,"{'branching': ['V1.8'], 'leaves': [{0: 0.0, 1: 1.0}, {0: 1.0, 1: 0.0}]}"
4,0.25,0.27,1,tree,lasso,119.36661457933056,0.6603,0.5126932153043813,"{'branching': ['V1.6'], 'leaves': [{0: 0.3382352941176471, 1: 0.6617647058823529}, {0: 1.0, 1: 0.0}]}"
4,0.25,0.27,1,log,linear,110.93848330628626,0.6272,0.5135360284316813,"{'branching': ['V1.8'], 'leaves': [{0: 0.0, 1: 1.0}, {0: 1.0, 1: 0.0}]}"
4,0.25,0.27,1,log,lasso,110.93848330628626,0.6272,0.5135360284316813,"{'branching': ['V1.8'], 'leaves': [{0: 0.0, 1: 1.0}, {0: 1.0, 1: 0.0}]}"
4,0.25,0.28,1,tree,linear,110.93848330628626,0.6272,0.5135360284316813,"{'branching': ['V1.8'], 'leaves': [{0: 0.0, 1: 1.0}, {0: 1.0, 1: 0.0}]}"
4,0.25,0.28,1,tree,lasso,113.982100297136,0.6697,0.5132316667325982,"{'branching': ['V1.6'], 'leaves': [{0: 0.3137254901960784, 1: 0.6862745098039215}, {0: 1.0, 1: 0.0}]}"
4,0.25,0.28,1,log,linear,110.93848330628626,0.6272,0.5135360284316813,"{'branching': ['V1.8'], 'leaves': [{0: 0.0, 1: 1.0}, {0: 1.0, 1: 0.0}]}"
4,0.25,0.28,1,log,lasso,110.93848330628626,0.6272,0.5135360284316813,"{'branching': ['V1.8'], 'leaves': [{0: 0.0, 1: 1.0}, {0: 1.0, 1: 0.0}]}"
4,0.25,0.29,1,tree,linear,110.93848330628626,0.6272,0.5135360284316813,"{'branching': ['V1.8'], 'leaves': [{0: 0.0, 1: 1.0}, {0: 1.0, 1: 0.0}]}"
4,0.25,0.29,1,tree,lasso,108.59758601494129,0.6778,0.5137701181608179,"{'branching': ['V1.6'], 'leaves': [{0: 0.28921568627450983, 1: 0.71078431372549}, {0: 1.0, 1: 0.0}]}"
4,0.25,0.29,1,log,linear,110.93848330628636,0.6272,0.5135360284316813,"{'branching': ['V1.8'], 'leaves': [{0: 1.1102230246251568e-16, 1: 0.9999999999999999}, {0: 0.9999999999999999, 1: 1.1102230246251568e-16}]}"
4,0.25,0.29,1,log,lasso,110.93848330628626,0.6272,0.5135360284316813,"{'branching': ['V1.8'], 'leaves': [{0: 0.0, 1: 1.0}, {0: 1.0, 1: 0.0}]}"
4,0.25,0.3,1,tree,linear,110.93848330628626,0.6272,0.5135360284316813,"{'branching': ['V1.8'], 'leaves': [{0: 0.0, 1: 1.0}, {0: 1.0, 1: 0.0}]}"
4,0.25,0.3,1,tree,lasso,103.21307173274602,0.6897,0.5143085695890376,"{'branching': ['V1.6'], 'leaves': [{0: 0.2647058823529411, 1: 0.7352941176470589}, {0: 1.0, 1: 0.0}]}"
4,0.25,0.3,1,log,linear,110.93848330628626,0.6272,0.5135360284316813,"{'branching': ['V1.8'], 'leaves': [{0: 0.0, 1: 1.0}, {0: 1.0, 1: 0.0}]}"
4,0.25,0.3,1,log,lasso,110.93848330628626,0.6272,0.5135360284316813,"{'branching': ['V1.8'], 'leaves': [{0: 0.0, 1: 1.0}, {0: 1.0, 1: 0.0}]}"
4,0.25,0.31,1,tree,linear,110.93848330628626,0.6272,0.5135360284316813,"{'branching': ['V1.8'], 'leaves': [{0: 0.0, 1: 1.0}, {0: 1.0, 1: 0.0}]}"
4,0.25,0.31,1,tree,lasso,97.82855745055126,0.6904,0.5148470210172563,"{'branching': ['V1.6'], 'leaves': [{0: 0.24019607843137256, 1: 0.7598039215686274}, {0: 1.0, 1: 0.0}]}"
4,0.25,0.31,1,log,linear,110.93848330628626,0.6272,0.5135360284316813,"{'branching': ['V1.8'], 'leaves': [{0: 0.0, 1: 1.0}, {0: 1.0, 1: 0.0}]}"
4,0.25,0.31,1,log,lasso,110.93848330628626,0.6272,0.5135360284316813,"{'branching': ['V1.8'], 'leaves': [{0: 0.0, 1: 1.0}, {0: 1.0, 1: 0.0}]}"
4,0.25,0.32,1,tree,linear,110.93848330628626,0.6272,0.5135360284316813,"{'branching': ['V1.8'], 'leaves': [{0: 0.0, 1: 1.0}, {0: 1.0, 1: 0.0}]}"
4,0.25,0.32,1,tree,lasso,92.44404316835632,0.7011,0.5153854724454751,"{'branching': ['V1.6'], 'leaves': [{0: 0.21568627450980393, 1: 0.7843137254901961}, {0: 1.0, 1: 0.0}]}"
4,0.25,0.32,1,log,linear,110.93848330628626,0.6272,0.5135360284316813,"{'branching': ['V1.8'], 'leaves': [{0: 0.0, 1: 1.0}, {0: 1.0, 1: 0.0}]}"
4,0.25,0.32,1,log,lasso,110.93848330628626,0.6272,0.5135360284316813,"{'branching': ['V1.8'], 'leaves': [{0: 0.0, 1: 1.0}, {0: 1.0, 1: 0.0}]}"
4,0.25,0.33,1,tree,linear,110.93848330628626,0.6272,0.5135360284316813,"{'branching': ['V1.8'], 'leaves': [{0: 0.0, 1: 1.0}, {0: 1.0, 1: 0.0}]}"
4,0.25,0.33,1,tree,lasso,87.05952888616119,0.7114,0.5159239238736948,"{'branching': ['V1.6'], 'leaves': [{0: 0.19117647058823506, 1: 0.8088235294117645}, {0: 1.0000000000000004, 1: 0.0}]}"
4,0.25,0.33,1,log,linear,110.93848330628624,0.6272,0.5135360284316813,"{'branching': ['V1.8'], 'leaves': [{0: 5.551115123125783e-17, 1: 1.0}, {0: 1.0, 1: 5.551115123125783e-17}]}"
4,0.25,0.33,1,log,lasso,110.93848330628626,0.6272,0.5135360284316813,"{'branching': ['V1.8'], 'leaves': [{0: 0.0, 1: 1.0}, {0: 1.0, 1: 0.0}]}"
4,0.25,0.34,1,tree,linear,110.93848330628626,0.6272,0.5135360284316813,"{'branching': ['V1.8'], 'leaves': [{0: 0.0, 1: 1.0}, {0: 1.0, 1: 0.0}]}"
4,0.25,0.34,1,tree,lasso,81.67501460396646,0.7183,0.5164623753019136,"{'branching': ['V1.6'], 'leaves': [{0: 0.1666666666666667, 1: 0.8333333333333334}, {0: 1.0, 1: 0.0}]}"
4,0.25,0.34,1,log,linear,110.93848330628708,0.6272,0.5135360284316812,"{'branching': ['V1.8'], 'leaves': [{0: 5.551115123125783e-17, 1: 0.9999999999999999}, {0: 0.9999999999999999, 1: 5.551115123125783e-17}]}"
4,0.25,0.34,1,log,lasso,110.93848330628626,0.6272,0.5135360284316813,"{'branching': ['V1.8'], 'leaves': [{0: 0.0, 1: 1.0}, {0: 1.0, 1: 0.0}]}"
4,0.25,0.35,1,tree,linear,110.93848330628626,0.6272,0.5135360284316813,"{'branching': ['V1.8'], 'leaves': [{0: 0.0, 1: 1.0}, {0: 1.0, 1: 0.0}]}"
4,0.25,0.35,1,tree,lasso,76.29050032177167,0.7288,0.5170008267301336,"{'branching': ['V1.6'], 'leaves': [{0: 0.14215686274509803, 1: 0.857843137254902}, {0: 1.0, 1: 0.0}]}"
4,0.25,0.35,1,log,linear,110.93848330628626,0.6272,0.5135360284316813,"{'branching': ['V1.8'], 'leaves': [{0: 0.0, 1: 1.0}, {0: 1.0, 1: 0.0}]}"
4,0.25,0.35,1,log,lasso,110.93848330628626,0.6272,0.5135360284316813,"{'branching': ['V1.8'], 'leaves': [{0: 0.0, 1: 1.0}, {0: 1.0, 1: 0.0}]}"
4,0.25,0.36,1,tree,linear,110.93848330628626,0.6272,0.5135360284316813,"{'branching': ['V1.8'], 'leaves': [{0: 0.0, 1: 1.0}, {0: 1.0, 1: 0.0}]}"
4,0.25,0.36,1,tree,lasso,70.90598603957679,0.7374,0.5175392781583539,"{'branching': ['V1.6'], 'leaves': [{0: 0.1176470588235294, 1: 0.8823529411764707}, {0: 1.0, 1: 0.0}]}"
4,0.25,0.36,1,log,linear,110.93848330628626,0.6272,0.5135360284316813,"{'branching': ['V1.8'], 'leaves': [{0: 0.0, 1: 1.0}, {0: 1.0, 1: 0.0}]}"
4,0.25,0.36,1,log,lasso,110.93848330628626,0.6272,0.5135360284316813,"{'branching': ['V1.8'], 'leaves': [{0: 0.0, 1: 1.0}, {0: 1.0, 1: 0.0}]}"
4,0.25,0.37,1,tree,linear,110.93848330628626,0.6272,0.5135360284316813,"{'branching': ['V1.8'], 'leaves': [{0: 0.0, 1: 1.0}, {0: 1.0, 1: 0.0}]}"
4,0.25,0.37,1,tree,lasso,65.52147175738207,0.7499,0.5180777295865734,"{'branching': ['V1.6'], 'leaves': [{0: 0.0931372549019608, 1: 0.9068627450980392}, {0: 1.0, 1: 0.0}]}"
4,0.25,0.37,1,log,linear,110.93848330628626,0.6272,0.5135360284316813,"{'branching': ['V1.8'], 'leaves': [{0: 0.0, 1: 1.0}, {0: 1.0, 1: 0.0}]}"
4,0.25,0.37,1,log,lasso,110.93848330628688,0.6272,0.5135360284316812,"{'branching': ['V1.8'], 'leaves': [{0: 0.0, 1: 1.0}, {0: 0.9999999999999999, 1: 0.0}]}"
4,0.25,0.38,1,tree,linear,110.93848330628626,0.6272,0.5135360284316813,"{'branching': ['V1.8'], 'leaves': [{0: 0.0, 1: 1.0}, {0: 1.0, 1: 0.0}]}"
4,0.25,0.38,1,tree,lasso,60.1369574751872,0.7573,0.5186161810147945,"{'branching': ['V1.6'], 'leaves': [{0: 0.06862745098039216, 1: 0.9313725490196079}, {0: 1.0, 1: 0.0}]}"
4,0.25,0.38,1,log,linear,110.93848330628626,0.6272,0.5135360284316813,"{'branching': ['V1.8'], 'leaves': [{0: 0.0, 1: 1.0}, {0: 1.0, 1: 0.0}]}"
4,0.25,0.38,1,log,lasso,110.93848330628626,0.6272,0.5135360284316813,"{'branching': ['V1.8'], 'leaves': [{0: 0.0, 1: 1.0}, {0: 1.0, 1: 0.0}]}"
4,0.25,0.39,1,tree,linear,110.93848330628626,0.6272,0.5135360284316813,"{'branching': ['V1.8'], 'leaves': [{0: 0.0, 1: 1.0}, {0: 1.0, 1: 0.0}]}"
4,0.25,0.39,1,tree,lasso,54.75244319299205,0.7638,0.5191546324430142,"{'branching': ['V1.6'], 'leaves': [{0: 0.04411764705882032, 1: 0.9558823529411797}, {0: 0.9999999999999999, 1: 0.0}]}"
4,0.25,0.39,1,log,linear,110.93848330628626,0.6272,0.5135360284316813,"{'branching': ['V1.8'], 'leaves': [{0: 0.0, 1: 1.0}, {0: 1.0, 1: 0.0}]}"
4,0.25,0.39,1,log,lasso,110.93848330628626,0.6272,0.5135360284316813,"{'branching': ['V1.8'], 'leaves': [{0: 0.0, 1: 1.0}, {0: 1.0, 1: 0.0}]}"
4,0.25,0.4,1,tree,linear,110.93848330628626,0.6272,0.5135360284316813,"{'branching': ['V1.8'], 'leaves': [{0: 0.0, 1: 1.0}, {0: 1.0, 1: 0.0}]}"
4,0.25,0.4,1,tree,lasso,49.3679289107974,0.7739,0.5196930838712303,"{'branching': ['V1.6'], 'leaves': [{0: 0.0196078431372549, 1: 0.9803921568627452}, {0: 1.0, 1: 0.0}]}"
4,0.25,0.4,1,log,linear,110.93848330628626,0.6272,0.5135360284316813,"{'branching': ['V1.8'], 'leaves': [{0: 0.0, 1: 1.0}, {0: 1.0, 1: 0.0}]}"
4,0.25,0.4,1,log,lasso,110.93848330628626,0.6272,0.5135360284316813,"{'branching': ['V1.8'], 'leaves': [{0: 0.0, 1: 1.0}, {0: 1.0, 1: 0.0}]}"
5,0.25,0.05,1,tree,linear,96.66755775323166,0.7054,0.5025302843613653,"{'branching': ['V1.9'], 'leaves': [{0: 0.5192307692307693, 1: 0.4807692307692307}, {0: 1.0, 1: 0.0}]}"
5,0.25,0.05,1,tree,lasso,104.7326723776501,0.698,0.5017237728989228,"{'branching': ['V1.8'], 'leaves': [{0: 0.7474747474747474, 1: 0.2525252525252526}, {0: 1.0, 1: 0.0}]}"
5,0.25,0.05,1,log,linear,96.66755775323163,0.7043,0.5025302843613653,"{'branching': ['V1.9'], 'leaves': [{0: 0.5192307692307692, 1: 0.48076923076923084}, {0: 1.0, 1: 0.0}]}"
5,0.25,0.05,1,log,lasso,96.667557753232,0.7057,0.5025302843613652,"{'branching': ['V1.9'], 'leaves': [{0: 0.5192307692307692, 1: 0.48076923076923056}, {0: 0.9999999999999997, 1: 3.3306690738754686e-16}]}"
5,0.25,0.06,1,tree,linear,90.25400200485096,0.716,0.5031716399362024,"{'branching': ['V1.9'], 'leaves': [{0: 0.4230769230769231, 1: 0.5769230769230769}, {0: 1.0, 1: 0.0}]}"
5,0.25,0.06,1,tree,lasso,99.93213955415308,0.7091,0.5022038261812735,"{'branching': ['V1.8'], 'leaves': [{0: 0.696969696969697, 1: 0.303030303030303}, {0: 1.0, 1: 0.0}]}"
5,0.25,0.06,1,log,linear,90.25400200485096,0.7154,0.5031716399362024,"{'branching': ['V1.9'], 'leaves': [{0: 0.4230769230769231, 1: 0.5769230769230769}, {0: 1.0, 1: 0.0}]}"
5,0.25,0.06,1,log,lasso,90.25400200485086,0.7114,0.5031716399362024,"{'branching': ['V1.9'], 'leaves': [{0: 0.42307692307692313, 1: 0.576923076923077}, {0: 1.0, 1: 0.0}]}"
5,0.25,0.07,1,tree,linear,83.84044625647019,0.722,0.5038129955110412,"{'branching': ['V1.9'], 'leaves': [{0: 0.3269230769230769, 1: 0.6730769230769231}, {0: 1.0, 1: 0.0}]}"
5,0.25,0.07,1,tree,lasso,95.13160673065606,0.722,0.5026838794636226,"{'branching': ['V1.8'], 'leaves': [{0: 0.6464646464646464, 1: 0.3535353535353536}, {0: 1.0, 1: 0.0}]}"
5,0.25,0.07,1,log,linear,83.84044625647019,0.723,0.5038129955110412,"{'branching': ['V1.9'], 'leaves': [{0: 0.3269230769230769, 1: 0.6730769230769231}, {0: 1.0, 1: 0.0}]}"
5,0.25,0.07,1,log,lasso,83.84044625647026,0.7212,0.5038129955110412,"{'branching': ['V1.9'], 'leaves': [{0: 0.32692307692307704, 1: 0.6730769230769229}, {0: 1.0, 1: 0.0}]}"
5,0.25,0.08,1,tree,linear,77.42689050808954,0.7337,0.5044543510858782,"{'branching': ['V1.9'], 'leaves': [{0: 0.23076923076923078, 1: 0.7692307692307692}, {0: 1.0, 1: 0.0}]}"
5,0.25,0.08,1,tree,lasso,90.33107390715898,0.7267,0.5031639327459725,"{'branching': ['V1.8'], 'leaves': [{0: 0.595959595959596, 1: 0.40404040404040403}, {0: 1.0, 1: 0.0}]}"
5,0.25,0.08,1,log,linear,77.42689050808954,0.732,0.5044543510858782,"{'branching': ['V1.9'], 'leaves': [{0: 0.23076923076923078, 1: 0.7692307692307692}, {0: 1.0, 1: 0.0}]}"
5,0.25,0.08,1,log,lasso,77.4268905080902,0.7355,0.5044543510858782,"{'branching': ['V1.9'], 'leaves': [{0: 0.23076923076923092, 1: 0.7692307692307693}, {0: 0.9999999999999998, 1: 6.938893903907228e-17}]}"
5,0.25,0.09,1,tree,linear,71.01333475970877,0.7421,0.5050957066607173,"{'branching': ['V1.9'], 'leaves': [{0: 0.1346153846153846, 1: 0.8653846153846154}, {0: 1.0, 1: 0.0}]}"
5,0.25,0.09,1,tree,lasso,85.530541083662,0.733,0.5036439860283214,"{'branching': ['V1.8'], 'leaves': [{0: 0.5454545454545454, 1: 0.4545454545454546}, {0: 1.0, 1: 0.0}]}"
5,0.25,0.09,1,log,linear,71.01333475970873,0.7415,0.5050957066607173,"{'branching': ['V1.9'], 'leaves': [{0: 0.13461538461538466, 1: 0.8653846153846154}, {0: 1.0, 1: 0.0}]}"
5,0.25,0.09,1,log,lasso,71.01333475970877,0.7428,0.5050957066607173,"{'branching': ['V1.9'], 'leaves': [{0: 0.1346153846153846, 1: 0.8653846153846154}, {0: 1.0, 1: 0.0}]}"
5,0.25,0.1,1,tree,linear,64.59977901132805,0.7531,0.5057370622355554,"{'branching': ['V1.9'], 'leaves': [{0: 0.038461538461538464, 1: 0.9615384615384616}, {0: 1.0, 1: 0.0}]}"
5,0.25,0.1,1,tree,lasso,80.73000826016498,0.7422,0.5041240393106712,"{'branching': ['V1.8'], 'leaves': [{0: 0.4949494949494949, 1: 0.5050505050505051}, {0: 1.0, 1: 0.0}]}"
5,0.25,0.1,1,log,linear,64.59977901132805,0.7514,0.5057370622355554,"{'branching': ['V1.9'], 'leaves': [{0: 0.038461538461538464, 1: 0.9615384615384616}, {0: 1.0, 1: 0.0}]}"
5,0.25,0.1,1,log,lasso,64.59977901132805,0.7515,0.5057370622355554,"{'branching': ['V1.9'], 'leaves': [{0: 0.038461538461538464, 1: 0.9615384615384616}, {0: 1.0, 1: 0.0}]}"
5,0.25,0.11,1,tree,linear,62.034356711975775,0.756,0.5059936044654905,"{'branching': ['V1.9'], 'leaves': [{0: 0.0, 1: 1.0}, {0: 1.0, 1: 0.0}]}"
5,0.25,0.11,1,tree,lasso,75.92947543666796,0.754,0.5046040925930202,"{'branching': ['V1.8'], 'leaves': [{0: 0.4444444444444444, 1: 0.5555555555555556}, {0: 1.0, 1: 0.0}]}"
5,0.25,0.11,1,log,linear,62.034356711975775,0.756,0.5059936044654905,"{'branching': ['V1.9'], 'leaves': [{0: 0.0, 1: 1.0}, {0: 1.0, 1: 0.0}]}"
5,0.25,0.11,1,log,lasso,62.034356711975775,0.756,0.5059936044654905,"{'branching': ['V1.9'], 'leaves': [{0: 0.0, 1: 1.0}, {0: 1.0, 1: 0.0}]}"
5,0.25,0.12,1,tree,linear,62.034356711975775,0.756,0.5059936044654905,"{'branching': ['V1.9'], 'leaves': [{0: 0.0, 1: 1.0}, {0: 1.0, 1: 0.0}]}"
5,0.25,0.12,1,tree,lasso,71.12894261317092,0.7593,0.5050841458753716,"{'branching': ['V1.8'], 'leaves': [{0: 0.3939393939393939, 1: 0.6060606060606061}, {0: 1.0, 1: 0.0}]}"
5,0.25,0.12,1,log,linear,62.034356711975775,0.756,0.5059936044654905,"{'branching': ['V1.9'], 'leaves': [{0: 0.0, 1: 1.0}, {0: 1.0, 1: 0.0}]}"
5,0.25,0.12,1,log,lasso,62.034356711975775,0.756,0.5059936044654905,"{'branching': ['V1.9'], 'leaves': [{0: 0.0, 1: 1.0}, {0: 1.0, 1: 0.0}]}"
5,0.25,0.13,1,tree,linear,62.034356711975775,0.756,0.5059936044654905,"{'branching': ['V1.9'], 'leaves': [{0: 0.0, 1: 1.0}, {0: 1.0, 1: 0.0}]}"
5,0.25,0.13,1,tree,lasso,66.3284097896739,0.7678,0.5055641991577203,"{'branching': ['V1.8'], 'leaves': [{0: 0.3434343434343434, 1: 0.6565656565656566}, {0: 1.0, 1: 0.0}]}"
5,0.25,0.13,1,log,linear,62.034356711975775,0.756,0.5059936044654905,"{'branching': ['V1.9'], 'leaves': [{0: 0.0, 1: 1.0}, {0: 1.0, 1: 0.0}]}"
5,0.25,0.13,1,log,lasso,62.034356711975775,0.756,0.5059936044654905,"{'branching': ['V1.9'], 'leaves': [{0: 0.0, 1: 1.0}, {0: 1.0, 1: 0.0}]}"
5,0.25,0.14,1,tree,linear,61.52787696617687,0.7784,0.5060442524400706,"{'branching': ['V1.8'], 'leaves': [{0: 0.29292929292929293, 1: 0.7070707070707071}, {0: 1.0, 1: 0.0}]}"
5,0.25,0.14,1,tree,lasso,61.527876966176855,0.78,0.5060442524400706,"{'branching': ['V1.8'], 'leaves': [{0: 0.2929292929292928, 1: 0.7070707070707072}, {0: 1.0, 1: 0.0}]}"
5,0.25,0.14,1,log,linear,61.52787696617687,0.7805,0.5060442524400706,"{'branching': ['V1.8'], 'leaves': [{0: 0.29292929292929293, 1: 0.7070707070707071}, {0: 1.0, 1: 0.0}]}"
5,0.25,0.14,1,log,lasso,62.034356711975775,0.756,0.5059936044654905,"{'branching': ['V1.9'], 'leaves': [{0: 0.0, 1: 1.0}, {0: 1.0, 1: 0.0}]}"
5,0.25,0.15,1,tree,linear,56.72734414267984,0.7835,0.5065243057224189,"{'branching': ['V1.8'], 'leaves': [{0: 0.24242424242424243, 1: 0.7575757575757576}, {0: 1.0, 1: 0.0}]}"
5,0.25,0.15,1,tree,lasso,56.727344142680536,0.7848,0.5065243057224188,"{'branching': ['V1.8'], 'leaves': [{0: 0.24242424242424274, 1: 0.7575757575757572}, {0: 0.9999999999999999, 1: 0.0}]}"
5,0.25,0.15,1,log,linear,56.72734414267984,0.7854,0.5065243057224189,"{'branching': ['V1.8'], 'leaves': [{0: 0.24242424242424243, 1: 0.7575757575757576}, {0: 1.0, 1: 0.0}]}"
5,0.25,0.15,1,log,lasso,62.034356711975775,0.756,0.5059936044654905,"{'branching': ['V1.9'], 'leaves': [{0: 0.0, 1: 1.0}, {0: 1.0, 1: 0.0}]}"
5,0.25,0.16,1,tree,linear,51.926811319182846,0.7961,0.5070043590047699,"{'branching': ['V1.8'], 'leaves': [{0: 0.1919191919191919, 1: 0.8080808080808081}, {0: 1.0, 1: 0.0}]}"
5,0.25,0.16,1,tree,lasso,51.926811319182974,0.7948,0.5070043590047699,"{'branching': ['V1.8'], 'leaves': [{0: 0.19191919191919216, 1: 0.8080808080808077}, {0: 1.0, 1: 0.0}]}"
5,0.25,0.16,1,log,linear,51.926811319182846,0.7954,0.5070043590047699,"{'branching': ['V1.8'], 'leaves': [{0: 0.1919191919191919, 1: 0.8080808080808081}, {0: 1.0, 1: 0.0}]}"
5,0.25,0.16,1,log,lasso,51.926811319182846,0.7954,0.5070043590047699,"{'branching': ['V1.8'], 'leaves': [{0: 0.1919191919191919, 1: 0.8080808080808081}, {0: 1.0, 1: 0.0}]}"
5,0.25,0.17,1,tree,linear,47.126278495685824,0.8041,0.5074844122871185,"{'branching': ['V1.8'], 'leaves': [{0: 0.1414141414141414, 1: 0.8585858585858586}, {0: 1.0, 1: 0.0}]}"
5,0.25,0.17,1,tree,lasso,47.12627849568403,0.8058,0.5074844122871186,"{'branching': ['V1.8'], 'leaves': [{0: 0.14141414141414124, 1: 0.8585858585858588}, {0: 1.0000000000000004, 1: 0.0}]}"
5,0.25,0.17,1,log,linear,47.126278495685824,0.8027,0.5074844122871185,"{'branching': ['V1.8'], 'leaves': [{0: 0.1414141414141414, 1: 0.8585858585858586}, {0: 1.0, 1: 0.0}]}"
5,0.25,0.17,1,log,lasso,47.126278495685554,0.8025,0.5074844122871185,"{'branching': ['V1.8'], 'leaves': [{0: 0.1414141414141414, 1: 0.8585858585858588}, {0: 1.0, 1: 0.0}]}"
5,0.25,0.18,1,tree,linear,42.3257456721888,0.8116,0.507964465569468,"{'branching': ['V1.8'], 'leaves': [{0: 0.09090909090909091, 1: 0.9090909090909091}, {0: 1.0, 1: 0.0}]}"
5,0.25,0.18,1,tree,lasso,42.32574567218965,0.8093,0.5079644655694678,"{'branching': ['V1.8'], 'leaves': [{0: 0.09090909090909088, 1: 0.9090909090909091}, {0: 0.9999999999999998, 1: 0.0}]}"
5,0.25,0.18,1,log,linear,42.3257456721888,0.8122,0.507964465569468,"{'branching': ['V1.8'], 'leaves': [{0: 0.09090909090909091, 1: 0.9090909090909091}, {0: 1.0, 1: 0.0}]}"
5,0.25,0.18,1,log,lasso,42.32574567218875,0.8119,0.507964465569468,"{'branching': ['V1.8'], 'leaves': [{0: 0.09090909090909083, 1: 0.9090909090909092}, {0: 1.0, 1: 0.0}]}"
5,0.25,0.19,1,tree,linear,37.52521284869176,0.82,0.5084445188518176,"{'branching': ['V1.8'], 'leaves': [{0: 0.04040404040404042, 1: 0.9595959595959596}, {0: 1.0, 1: 0.0}]}"
5,0.25,0.19,1,tree,lasso,37.52521284869174,0.8217,0.5084445188518176,"{'branching': ['V1.8'], 'leaves': [{0: 0.04040404040404044, 1: 0.9595959595959596}, {0: 1.0, 1: 0.0}]}"
5,0.25,0.19,1,log,linear,37.52521284869178,0.8218,0.5084445188518176,"{'branching': ['V1.8'], 'leaves': [{0: 0.04040404040404041, 1: 0.9595959595959596}, {0: 1.0, 1: 0.0}]}"
5,0.25,0.19,1,log,lasso,37.52521284869179,0.8203,0.5084445188518176,"{'branching': ['V1.8'], 'leaves': [{0: 0.0404040404040404, 1: 0.9595959595959596}, {0: 1.0, 1: 0.0}]}"
5,0.25,0.2,1,tree,linear,33.68478658989411,0.8274,0.5088285614776984,"{'branching': ['V1.8'], 'leaves': [{0: 0.0, 1: 1.0}, {0: 1.0, 1: 0.0}]}"
5,0.25,0.2,1,tree,lasso,33.68478658989411,0.8274,0.5088285614776984,"{'branching': ['V1.8'], 'leaves': [{0: 0.0, 1: 1.0}, {0: 1.0, 1: 0.0}]}"
5,0.25,0.2,1,log,linear,33.68478658989411,0.8274,0.5088285614776984,"{'branching': ['V1.8'], 'leaves': [{0: 0.0, 1: 1.0}, {0: 1.0, 1: 0.0}]}"
5,0.25,0.2,1,log,lasso,33.68478658989411,0.8274,0.5088285614776984,"{'branching': ['V1.8'], 'leaves': [{0: 0.0, 1: 1.0}, {0: 1.0, 1: 0.0}]}"
5,0.25,0.21,1,tree,linear,33.68478658989411,0.8274,0.5088285614776984,"{'branching': ['V1.8'], 'leaves': [{0: 0.0, 1: 1.0}, {0: 1.0, 1: 0.0}]}"
5,0.25,0.21,1,tree,lasso,33.68478658989411,0.8274,0.5088285614776984,"{'branching': ['V1.8'], 'leaves': [{0: 0.0, 1: 1.0}, {0: 1.0, 1: 0.0}]}"
5,0.25,0.21,1,log,linear,33.68478658989411,0.8274,0.5088285614776984,"{'branching': ['V1.8'], 'leaves': [{0: 0.0, 1: 1.0}, {0: 1.0, 1: 0.0}]}"
5,0.25,0.21,1,log,lasso,33.68478658989411,0.8274,0.5088285614776984,"{'branching': ['V1.8'], 'leaves': [{0: 0.0, 1: 1.0}, {0: 1.0, 1: 0.0}]}"
5,0.25,0.22,1,tree,linear,33.68478658989411,0.8274,0.5088285614776984,"{'branching': ['V1.8'], 'leaves': [{0: 0.0, 1: 1.0}, {0: 1.0, 1: 0.0}]}"
5,0.25,0.22,1,tree,lasso,33.68478658989411,0.8274,0.5088285614776984,"{'branching': ['V1.8'], 'leaves': [{0: 0.0, 1: 1.0}, {0: 1.0, 1: 0.0}]}"
5,0.25,0.22,1,log,linear,33.68478658989411,0.8274,0.5088285614776984,"{'branching': ['V1.8'], 'leaves': [{0: 0.0, 1: 1.0}, {0: 1.0, 1: 0.0}]}"
5,0.25,0.22,1,log,lasso,33.68478658989411,0.8274,0.5088285614776984,"{'branching': ['V1.8'], 'leaves': [{0: 0.0, 1: 1.0}, {0: 1.0, 1: 0.0}]}"
5,0.25,0.23,1,tree,linear,33.68478658989411,0.8274,0.5088285614776984,"{'branching': ['V1.8'], 'leaves': [{0: 0.0, 1: 1.0}, {0: 1.0, 1: 0.0}]}"
5,0.25,0.23,1,tree,lasso,33.68478658989411,0.8274,0.5088285614776984,"{'branching': ['V1.8'], 'leaves': [{0: 0.0, 1: 1.0}, {0: 1.0, 1: 0.0}]}"
5,0.25,0.23,1,log,linear,33.68478658989411,0.8274,0.5088285614776984,"{'branching': ['V1.8'], 'leaves': [{0: 0.0, 1: 1.0}, {0: 1.0, 1: 0.0}]}"
5,0.25,0.23,1,log,lasso,33.68478658989411,0.8274,0.5088285614776984,"{'branching': ['V1.8'], 'leaves': [{0: 0.0, 1: 1.0}, {0: 1.0, 1: 0.0}]}"
5,0.25,0.24,1,tree,linear,33.68478658989411,0.8274,0.5088285614776984,"{'branching': ['V1.8'], 'leaves': [{0: 0.0, 1: 1.0}, {0: 1.0, 1: 0.0}]}"
5,0.25,0.24,1,tree,lasso,33.68478658989411,0.8274,0.5088285614776984,"{'branching': ['V1.8'], 'leaves': [{0: 0.0, 1: 1.0}, {0: 1.0, 1: 0.0}]}"
5,0.25,0.24,1,log,linear,33.68478658989411,0.8274,0.5088285614776984,"{'branching': ['V1.8'], 'leaves': [{0: 0.0, 1: 1.0}, {0: 1.0, 1: 0.0}]}"
5,0.25,0.24,1,log,lasso,33.68478658989411,0.8274,0.5088285614776984,"{'branching': ['V1.8'], 'leaves': [{0: 0.0, 1: 1.0}, {0: 1.0, 1: 0.0}]}"
5,0.25,0.25,1,tree,linear,33.68478658989411,0.8274,0.5088285614776984,"{'branching': ['V1.8'], 'leaves': [{0: 0.0, 1: 1.0}, {0: 1.0, 1: 0.0}]}"
5,0.25,0.25,1,tree,lasso,33.68478658989411,0.8274,0.5088285614776984,"{'branching': ['V1.8'], 'leaves': [{0: 0.0, 1: 1.0}, {0: 1.0, 1: 0.0}]}"
5,0.25,0.25,1,log,linear,33.68478658989411,0.8274,0.5088285614776984,"{'branching': ['V1.8'], 'leaves': [{0: 0.0, 1: 1.0}, {0: 1.0, 1: 0.0}]}"
5,0.25,0.25,1,log,lasso,33.68478658989411,0.8274,0.5088285614776984,"{'branching': ['V1.8'], 'leaves': [{0: 0.0, 1: 1.0}, {0: 1.0, 1: 0.0}]}"
5,0.25,0.26,1,tree,linear,33.68478658989411,0.8274,0.5088285614776984,"{'branching': ['V1.8'], 'leaves': [{0: 0.0, 1: 1.0}, {0: 1.0, 1: 0.0}]}"
5,0.25,0.26,1,tree,lasso,33.68478658989411,0.8274,0.5088285614776984,"{'branching': ['V1.8'], 'leaves': [{0: 0.0, 1: 1.0}, {0: 1.0, 1: 0.0}]}"
5,0.25,0.26,1,log,linear,33.68478658989145,0.8274,0.508828561477699,"{'branching': ['V1.8'], 'leaves': [{0: 0.0, 1: 1.0000000000000022}, {0: 1.0, 1: 0.0}]}"
5,0.25,0.26,1,log,lasso,33.68478658989411,0.8274,0.5088285614776984,"{'branching': ['V1.8'], 'leaves': [{0: 0.0, 1: 1.0}, {0: 1.0, 1: 0.0}]}"
5,0.25,0.27,1,tree,linear,36.09466745746728,0.8376,0.5085875733909403,"{'branching': ['V1.7'], 'leaves': [{0: 0.1233766233766234, 1: 0.8766233766233766}, {0: 1.0, 1: 0.0}]}"
5,0.25,0.27,1,tree,lasso,36.094667457467295,0.8382,0.5085875733909403,"{'branching': ['V1.7'], 'leaves': [{0: 0.12337662337662339, 1: 0.8766233766233766}, {0: 1.0, 1: 0.0}]}"
5,0.25,0.27,1,log,linear,36.09466745746733,0.8415,0.5085875733909403,"{'branching': ['V1.7'], 'leaves': [{0: 0.12337662337662338, 1: 0.8766233766233766}, {0: 1.0, 1: 0.0}]}"
5,0.25,0.27,1,log,lasso,33.68478658989411,0.8274,0.5088285614776984,"{'branching': ['V1.8'], 'leaves': [{0: 0.0, 1: 1.0}, {0: 1.0, 1: 0.0}]}"
5,0.25,0.28,1,tree,linear,32.6635315671834,0.8417,0.5089306869799671,"{'branching': ['V1.7'], 'leaves': [{0: 0.09090909090909091, 1: 0.9090909090909091}, {0: 1.0, 1: 0.0}]}"
5,0.25,0.28,1,tree,lasso,32.66353156718342,0.8411,0.5089306869799671,"{'branching': ['V1.7'], 'leaves': [{0: 0.0909090909090909, 1: 0.9090909090909091}, {0: 1.0, 1: 0.0}]}"
5,0.25,0.28,1,log,linear,32.6635315671834,0.8402,0.5089306869799671,"{'branching': ['V1.7'], 'leaves': [{0: 0.09090909090909091, 1: 0.9090909090909091}, {0: 1.0, 1: 0.0}]}"
5,0.25,0.28,1,log,lasso,33.68478658989498,0.8274,0.5088285614776984,"{'branching': ['V1.8'], 'leaves': [{0: 0.0, 1: 1.0}, {0: 0.9999999999999986, 1: 1.3322676295501878e-15}]}"
5,0.25,0.29,1,tree,linear,29.23239567689937,0.8482,0.5092738005689962,"{'branching': ['V1.7'], 'leaves': [{0: 0.05844155844155851, 1: 0.9415584415584415}, {0: 1.0, 1: 0.0}]}"
5,0.25,0.29,1,tree,lasso,29.2323956768993,0.8485,0.5092738005689962,"{'branching': ['V1.7'], 'leaves': [{0: 0.05844155844155843, 1: 0.9415584415584416}, {0: 1.0, 1: 0.0}]}"
5,0.25,0.29,1,log,linear,29.23239567689929,0.8506,0.5092738005689962,"{'branching': ['V1.7'], 'leaves': [{0: 0.05844155844155844, 1: 0.9415584415584416}, {0: 1.0, 1: 0.0}]}"
5,0.25,0.29,1,log,lasso,33.68478658989411,0.8274,0.5088285614776984,"{'branching': ['V1.8'], 'leaves': [{0: 0.0, 1: 1.0}, {0: 1.0, 1: 0.0}]}"
5,0.25,0.3,1,tree,linear,25.80125978661536,0.8555,0.5096169141580276,"{'branching': ['V1.7'], 'leaves': [{0: 0.025974025974025976, 1: 0.974025974025974}, {0: 1.0, 1: 0.0}]}"
5,0.25,0.3,1,tree,lasso,25.801259786615358,0.8543,0.5096169141580276,"{'branching': ['V1.7'], 'leaves': [{0: 0.025974025974025983, 1: 0.974025974025974}, {0: 1.0, 1: 0.0}]}"
5,0.25,0.3,1,log,linear,25.80125978661536,0.8546,0.5096169141580276,"{'branching': ['V1.7'], 'leaves': [{0: 0.025974025974025976, 1: 0.974025974025974}, {0: 1.0, 1: 0.0}]}"
5,0.25,0.3,1,log,lasso,33.68478658989411,0.8274,0.5088285614776984,"{'branching': ['V1.8'], 'leaves': [{0: 0.0, 1: 1.0}, {0: 1.0, 1: 0.0}]}"
5,0.25,0.31,1,tree,linear,23.05635107438816,0.8608,0.5098914050292481,"{'branching': ['V1.7'], 'leaves': [{0: 0.0, 1: 1.0}, {0: 1.0, 1: 0.0}]}"
5,0.25,0.31,1,tree,lasso,23.05635107438816,0.8608,0.5098914050292481,"{'branching': ['V1.7'], 'leaves': [{0: 0.0, 1: 1.0}, {0: 1.0, 1: 0.0}]}"
5,0.25,0.31,1,log,linear,23.05635107438816,0.8608,0.5098914050292481,"{'branching': ['V1.7'], 'leaves': [{0: 0.0, 1: 1.0}, {0: 1.0, 1: 0.0}]}"
5,0.25,0.31,1,log,lasso,33.68478658989411,0.8274,0.5088285614776984,"{'branching': ['V1.8'], 'leaves': [{0: 0.0, 1: 1.0}, {0: 1.0, 1: 0.0}]}"
5,0.25,0.32,1,tree,linear,23.05635107438816,0.8608,0.5098914050292481,"{'branching': ['V1.7'], 'leaves': [{0: 0.0, 1: 1.0}, {0: 1.0, 1: 0.0}]}"
5,0.25,0.32,1,tree,lasso,46.32824390314992,0.8112,0.5075642157463738,"{'branching': ['V1.6'], 'leaves': [{0: 0.19191919191919182, 1: 0.8080808080808082}, {0: 1.0, 1: 0.0}]}"
5,0.25,0.32,1,log,linear,23.05635107438816,0.8608,0.5098914050292481,"{'branching': ['V1.7'], 'leaves': [{0: 0.0, 1: 1.0}, {0: 1.0, 1: 0.0}]}"
5,0.25,0.32,1,log,lasso,33.68478658989411,0.8274,0.5088285614776984,"{'branching': ['V1.8'], 'leaves': [{0: 0.0, 1: 1.0}, {0: 1.0, 1: 0.0}]}"
5,0.25,0.33,1,tree,linear,23.05635107438816,0.8608,0.5098914050292481,"{'branching': ['V1.7'], 'leaves': [{0: 0.0, 1: 1.0}, {0: 1.0, 1: 0.0}]}"
5,0.25,0.33,1,tree,lasso,43.75302225965032,0.8151,0.5078217379107224,"{'branching': ['V1.6'], 'leaves': [{0: 0.16666666666666666, 1: 0.8333333333333334}, {0: 1.0, 1: 0.0}]}"
5,0.25,0.33,1,log,linear,23.05635107438816,0.8608,0.5098914050292481,"{'branching': ['V1.7'], 'leaves': [{0: 0.0, 1: 1.0}, {0: 1.0, 1: 0.0}]}"
5,0.25,0.33,1,log,lasso,33.68478658989411,0.8274,0.5088285614776984,"{'branching': ['V1.8'], 'leaves': [{0: 0.0, 1: 1.0}, {0: 1.0, 1: 0.0}]}"
5,0.25,0.34,1,tree,linear,23.05635107438816,0.8608,0.5098914050292481,"{'branching': ['V1.7'], 'leaves': [{0: 0.0, 1: 1.0}, {0: 1.0, 1: 0.0}]}"
5,0.25,0.34,1,tree,lasso,41.17780061615083,0.822,0.5080792600750714,"{'branching': ['V1.6'], 'leaves': [{0: 0.14141414141414121, 1: 0.8585858585858588}, {0: 1.0, 1: 0.0}]}"
5,0.25,0.34,1,log,linear,23.05635107438816,0.8608,0.5098914050292481,"{'branching': ['V1.7'], 'leaves': [{0: 0.0, 1: 1.0}, {0: 1.0, 1: 0.0}]}"
5,0.25,0.34,1,log,lasso,33.68478658989411,0.8274,0.5088285614776984,"{'branching': ['V1.8'], 'leaves': [{0: 0.0, 1: 1.0}, {0: 1.0, 1: 0.0}]}"
5,0.25,0.35,1,tree,linear,23.05635107438816,0.8608,0.5098914050292481,"{'branching': ['V1.7'], 'leaves': [{0: 0.0, 1: 1.0}, {0: 1.0, 1: 0.0}]}"
5,0.25,0.35,1,tree,lasso,38.6025789726513,0.8255,0.5083367822394215,"{'branching': ['V1.6'], 'leaves': [{0: 0.11616161616161613, 1: 0.8838383838383839}, {0: 1.0, 1: 0.0}]}"
5,0.25,0.35,1,log,linear,23.05635107438816,0.8608,0.5098914050292481,"{'branching': ['V1.7'], 'leaves': [{0: 0.0, 1: 1.0}, {0: 1.0, 1: 0.0}]}"
5,0.25,0.35,1,log,lasso,33.68478658989411,0.8274,0.5088285614776984,"{'branching': ['V1.8'], 'leaves': [{0: 0.0, 1: 1.0}, {0: 1.0, 1: 0.0}]}"
5,0.25,0.36,1,tree,linear,23.05635107438816,0.8608,0.5098914050292481,"{'branching': ['V1.7'], 'leaves': [{0: 0.0, 1: 1.0}, {0: 1.0, 1: 0.0}]}"
5,0.25,0.36,1,tree,lasso,36.027357329151776,0.8311,0.5085943044037707,"{'branching': ['V1.6'], 'leaves': [{0: 0.09090909090909094, 1: 0.9090909090909091}, {0: 1.0, 1: 0.0}]}"
5,0.25,0.36,1,log,linear,23.05635107438816,0.8608,0.5098914050292481,"{'branching': ['V1.7'], 'leaves': [{0: 0.0, 1: 1.0}, {0: 1.0, 1: 0.0}]}"
5,0.25,0.36,1,log,lasso,33.68478658989411,0.8274,0.5088285614776984,"{'branching': ['V1.8'], 'leaves': [{0: 0.0, 1: 1.0}, {0: 1.0, 1: 0.0}]}"
5,0.25,0.37,1,tree,linear,33.452135685652166,0.8354,0.5088518265681239,"{'branching': ['V1.6'], 'leaves': [{0: 0.06565656565656566, 1: 0.9343434343434344}, {0: 1.0, 1: 0.0}]}"
5,0.25,0.37,1,tree,lasso,33.452135685652166,0.834,0.5088518265681239,"{'branching': ['V1.6'], 'leaves': [{0: 0.06565656565656566, 1: 0.9343434343434344}, {0: 1.0, 1: 0.0}]}"
5,0.25,0.37,1,log,linear,33.452135685652166,0.8357,0.5088518265681239,"{'branching': ['V1.6'], 'leaves': [{0: 0.06565656565656566, 1: 0.9343434343434344}, {0: 1.0, 1: 0.0}]}"
5,0.25,0.37,1,log,lasso,33.68478658989411,0.8274,0.5088285614776984,"{'branching': ['V1.8'], 'leaves': [{0: 0.0, 1: 1.0}, {0: 1.0, 1: 0.0}]}"
5,0.25,0.38,1,tree,linear,30.876914042152663,0.8376,0.5091093487324722,"{'branching': ['V1.6'], 'leaves': [{0: 0.040404040404040456, 1: 0.9595959595959596}, {0: 1.0, 1: 0.0}]}"
5,0.25,0.38,1,tree,lasso,30.8769140421528,0.8395,0.5091093487324722,"{'branching': ['V1.6'], 'leaves': [{0: 0.040404040404040394, 1: 0.9595959595959596}, {0: 1.0, 1: 0.0}]}"
5,0.25,0.38,1,log,linear,30.8769140421528,0.8388,0.5091093487324722,"{'branching': ['V1.6'], 'leaves': [{0: 0.040404040404040394, 1: 0.9595959595959596}, {0: 1.0, 1: 0.0}]}"
5,0.25,0.38,1,log,lasso,33.68478658989411,0.8274,0.5088285614776984,"{'branching': ['V1.8'], 'leaves': [{0: 0.0, 1: 1.0}, {0: 1.0, 1: 0.0}]}"
5,0.25,0.39,1,tree,linear,28.30169239865312,0.8441,0.5093668708968223,"{'branching': ['V1.6'], 'leaves': [{0: 0.015151515151515152, 1: 0.9848484848484849}, {0: 1.0, 1: 0.0}]}"
5,0.25,0.39,1,tree,lasso,28.301692398653056,0.8444,0.5093668708968222,"{'branching': ['V1.6'], 'leaves': [{0: 0.015151515151514248, 1: 0.9848484848484858}, {0: 1.0, 1: 0.0}]}"
5,0.25,0.39,1,log,linear,28.30169239865312,0.8452,0.5093668708968223,"{'branching': ['V1.6'], 'leaves': [{0: 0.015151515151515152, 1: 0.9848484848484849}, {0: 1.0, 1: 0.0}]}"
5,0.25,0.39,1,log,lasso,28.301692398653145,0.8447,0.5093668708968223,"{'branching': ['V1.6'], 'leaves': [{0: 0.015151515151515138, 1: 0.9848484848484849}, {0: 1.0, 1: 0.0}]}"
5,0.25,0.4,1,tree,linear,26.756559412553425,0.8475,0.5095213841954326,"{'branching': ['V1.6'], 'leaves': [{0: 0.0, 1: 1.0}, {0: 1.0, 1: 0.0}]}"
5,0.25,0.4,1,tree,lasso,26.756559412553425,0.8475,0.5095213841954326,"{'branching': ['V1.6'], 'leaves': [{0: 0.0, 1: 1.0}, {0: 1.0, 1: 0.0}]}"
5,0.25,0.4,1,log,linear,26.756559412553425,0.8475,0.5095213841954326,"{'branching': ['V1.6'], 'leaves': [{0: 0.0, 1: 1.0}, {0: 1.0, 1: 0.0}]}"
5,0.25,0.4,1,log,lasso,26.756559412553425,0.8475,0.5095213841954326,"{'branching': ['V1.6'], 'leaves': [{0: 0.0, 1: 1.0}, {0: 1.0, 1: 0.0}]}"
1,0.5,0.05,1,tree,linear,143.97052348605376,0.6085,0.481399119987538,"{'branching': ['V1.9'], 'leaves': [{0: 0.5192307692307692, 1: 0.48076923076923084}, {0: 1.0, 1: 0.0}]}"
1,0.5,0.05,1,tree,lasso,143.9705234860538,0.6088,0.481399119987538,"{'branching': ['V1.9'], 'leaves': [{0: 0.5192307692307692, 1: 0.4807692307692308}, {0: 1.0, 1: 0.0}]}"
1,0.5,0.05,1,log,linear,143.97052348605376,0.6112,0.481399119987538,"{'branching': ['V1.9'], 'leaves': [{0: 0.5192307692307692, 1: 0.48076923076923084}, {0: 1.0, 1: 0.0}]}"
1,0.5,0.05,1,log,lasso,143.97052348605533,0.6119,0.4813991199875378,"{'branching': ['V1.9'], 'leaves': [{0: 0.5192307692307699, 1: 0.48076923076923006}, {0: 0.9999999999999997, 1: 0.0}]}"
1,0.5,0.06,1,tree,linear,136.84176043733407,0.6222,0.4821119962924096,"{'branching': ['V1.9'], 'leaves': [{0: 0.4230769230769231, 1: 0.5769230769230769}, {0: 1.0, 1: 0.0}]}"
1,0.5,0.06,1,tree,lasso,136.84176043733376,0.6193,0.4821119962924096,"{'branching': ['V1.9'], 'leaves': [{0: 0.4230769230769229, 1: 0.5769230769230775}, {0: 1.0, 1: 0.0}]}"
1,0.5,0.06,1,log,linear,136.84176043733407,0.6168,0.4821119962924096,"{'branching': ['V1.9'], 'leaves': [{0: 0.4230769230769231, 1: 0.5769230769230769}, {0: 1.0, 1: 0.0}]}"
1,0.5,0.06,1,log,lasso,136.84176043733478,0.62,0.4821119962924096,"{'branching': ['V1.9'], 'leaves': [{0: 0.42307692307692346, 1: 0.5769230769230765}, {0: 0.9999999999999999, 1: 1.3877787807814457e-17}]}"
1,0.5,0.07,1,tree,linear,129.7129973886143,0.6288,0.4828248725972823,"{'branching': ['V1.9'], 'leaves': [{0: 0.3269230769230769, 1: 0.6730769230769231}, {0: 1.0, 1: 0.0}]}"
1,0.5,0.07,1,tree,lasso,129.71299738861433,0.6304,0.4828248725972823,"{'branching': ['V1.9'], 'leaves': [{0: 0.32692307692307687, 1: 0.6730769230769231}, {0: 1.0, 1: 0.0}]}"
1,0.5,0.07,1,log,linear,129.7129973886143,0.6292,0.4828248725972823,"{'branching': ['V1.9'], 'leaves': [{0: 0.3269230769230769, 1: 0.6730769230769231}, {0: 1.0, 1: 0.0}]}"
1,0.5,0.07,1,log,lasso,129.7129973886151,0.6299,0.4828248725972822,"{'branching': ['V1.9'], 'leaves': [{0: 0.3269230769230768, 1: 0.6730769230769231}, {0: 0.9999999999999999, 1: 0.0}]}"
1,0.5,0.08,1,tree,linear,122.58423433989464,0.6373,0.4835377489021547,"{'branching': ['V1.9'], 'leaves': [{0: 0.2307692307692307, 1: 0.7692307692307693}, {0: 1.0, 1: 0.0}]}"
1,0.5,0.08,1,tree,lasso,122.5842343398946,0.6391,0.4835377489021547,"{'branching': ['V1.9'], 'leaves': [{0: 0.23076923076923073, 1: 0.7692307692307693}, {0: 1.0, 1: 0.0}]}"
1,0.5,0.08,1,log,linear,122.58423433989464,0.6391,0.4835377489021547,"{'branching': ['V1.9'], 'leaves': [{0: 0.23076923076923078, 1: 0.7692307692307692}, {0: 1.0, 1: 0.0}]}"
1,0.5,0.08,1,log,lasso,122.58423433989525,0.6358,0.4835377489021545,"{'branching': ['V1.9'], 'leaves': [{0: 0.2307692307692311, 1: 0.769230769230769}, {0: 0.9999999999999999, 1: 0.0}]}"
1,0.5,0.09,1,tree,linear,115.45547129117487,0.6472,0.4842506252070266,"{'branching': ['V1.9'], 'leaves': [{0: 0.1346153846153846, 1: 0.8653846153846154}, {0: 1.0, 1: 0.0}]}"
1,0.5,0.09,1,tree,lasso,115.4554712911749,0.6489,0.4842506252070266,"{'branching': ['V1.9'], 'leaves': [{0: 0.13461538461538458, 1: 0.8653846153846154}, {0: 1.0, 1: 0.0}]}"
1,0.5,0.09,1,log,linear,115.45547129117487,0.6465,0.4842506252070266,"{'branching': ['V1.9'], 'leaves': [{0: 0.1346153846153846, 1: 0.8653846153846154}, {0: 1.0, 1: 0.0}]}"
1,0.5,0.09,1,log,lasso,115.4554712911748,0.6477,0.4842506252070266,"{'branching': ['V1.9'], 'leaves': [{0: 0.13461538461538478, 1: 0.8653846153846154}, {0: 1.0, 1: 0.0}]}"
1,0.5,0.1,1,tree,linear,108.32670824245515,0.6567,0.484963501511898,"{'branching': ['V1.9'], 'leaves': [{0: 0.038461538461538464, 1: 0.9615384615384616}, {0: 1.0, 1: 0.0}]}"
1,0.5,0.1,1,tree,lasso,108.3267082424552,0.6556,0.484963501511898,"{'branching': ['V1.9'], 'leaves': [{0: 0.03846153846153852, 1: 0.9615384615384615}, {0: 1.0, 1: 0.0}]}"
1,0.5,0.1,1,log,linear,108.32670824245515,0.6566,0.484963501511898,"{'branching': ['V1.9'], 'leaves': [{0: 0.038461538461538464, 1: 0.9615384615384616}, {0: 1.0, 1: 0.0}]}"
1,0.5,0.1,1,log,lasso,108.32670824245528,0.6572,0.484963501511898,"{'branching': ['V1.9'], 'leaves': [{0: 0.038461538461538644, 1: 0.9615384615384612}, {0: 1.0, 1: 0.0}]}"
1,0.5,0.11,1,tree,linear,106.57480445007153,0.6573,0.4851386918911399,"{'branching': ['V1.9'], 'leaves': [{0: 0.0, 1: 1.0}, {0: 0.9933035714285715, 1: 0.006696428571428492}]}"
1,0.5,0.11,1,tree,lasso,116.09445779444746,0.6692,0.4841867265566987,"{'branching': ['V1.8'], 'leaves': [{0: 0.4607843137254905, 1: 0.5392156862745094}, {0: 1.0, 1: 1.6653345369377348e-16}]}"
1,0.5,0.11,1,log,linear,106.57480445007153,0.6587,0.4851386918911399,"{'branching': ['V1.9'], 'leaves': [{0: 0.0, 1: 1.0}, {0: 0.9933035714285715, 1: 0.006696428571428492}]}"
1,0.5,0.11,1,log,lasso,116.09445779444874,0.6681,0.4841867265566985,"{'branching': ['V1.8'], 'leaves': [{0: 0.46078431372549, 1: 0.53921568627451}, {0: 0.9999999999999998, 1: 0.0}]}"
1,0.5,0.12,1,tree,linear,108.4074734952452,0.6559,0.4849554249866205,"{'branching': ['V1.9'], 'leaves': [{0: 0.0, 1: 1.0}, {0: 0.9821428571428572, 1: 0.017857142857142794}]}"
1,0.5,0.12,1,tree,lasso,110.31992316397483,0.6732,0.4847641800197461,"{'branching': ['V1.8'], 'leaves': [{0: 0.4117647058823539, 1: 0.5882352941176462}, {0: 1.0, 1: 0.0}]}"
1,0.5,0.12,1,log,linear,108.4074734952452,0.6564,0.4849554249866205,"{'branching': ['V1.9'], 'leaves': [{0: 0.0, 1: 1.0}, {0: 0.9821428571428572, 1: 0.017857142857142794}]}"
1,0.5,0.12,1,log,lasso,110.3199231639752,0.6739,0.4847641800197461,"{'branching': ['V1.8'], 'leaves': [{0: 0.4117647058823532, 1: 0.5882352941176465}, {0: 1.0, 1: 0.0}]}"
1,0.5,0.13,1,tree,linear,104.5453885335018,0.6817,0.4853416334827932,"{'branching': ['V1.8'], 'leaves': [{0: 0.3627450980392157, 1: 0.6372549019607843}, {0: 1.0, 1: 0.0}]}"
1,0.5,0.13,1,tree,lasso,104.54538853350182,0.6842,0.4853416334827932,"{'branching': ['V1.8'], 'leaves': [{0: 0.3627450980392159, 1: 0.637254901960784}, {0: 1.0, 1: 0.0}]}"
1,0.5,0.13,1,log,linear,104.5453885335018,0.6821,0.4853416334827932,"{'branching': ['V1.8'], 'leaves': [{0: 0.3627450980392157, 1: 0.6372549019607843}, {0: 1.0, 1: 0.0}]}"
1,0.5,0.13,1,log,lasso,104.5453885335018,0.6883,0.4853416334827932,"{'branching': ['V1.8'], 'leaves': [{0: 0.3627450980392157, 1: 0.6372549019607843}, {0: 1.0, 1: 0.0}]}"
1,0.5,0.14,1,tree,linear,98.7708539030286,0.6957,0.4859190869458401,"{'branching': ['V1.8'], 'leaves': [{0: 0.3137254901960784, 1: 0.6862745098039216}, {0: 1.0, 1: 0.0}]}"
1,0.5,0.14,1,tree,lasso,98.7708539030286,0.6972,0.4859190869458401,"{'branching': ['V1.8'], 'leaves': [{0: 0.3137254901960784, 1: 0.6862745098039216}, {0: 1.0, 1: 0.0}]}"
1,0.5,0.14,1,log,linear,98.7708539030286,0.6905,0.4859190869458401,"{'branching': ['V1.8'], 'leaves': [{0: 0.3137254901960784, 1: 0.6862745098039216}, {0: 1.0, 1: 0.0}]}"
1,0.5,0.14,1,log,lasso,98.77085390302868,0.6913,0.4859190869458401,"{'branching': ['V1.8'], 'leaves': [{0: 0.31372549019607837, 1: 0.6862745098039216}, {0: 1.0, 1: 0.0}]}"
1,0.5,0.15,1,tree,linear,92.99631927255555,0.7036,0.486496540408888,"{'branching': ['V1.8'], 'leaves': [{0: 0.2647058823529412, 1: 0.7352941176470588}, {0: 1.0, 1: 0.0}]}"
1,0.5,0.15,1,tree,lasso,92.99631927255544,0.7055,0.486496540408888,"{'branching': ['V1.8'], 'leaves': [{0: 0.2647058823529412, 1: 0.7352941176470589}, {0: 1.0, 1: 0.0}]}"
1,0.5,0.15,1,log,linear,92.99631927255544,0.7029,0.486496540408888,"{'branching': ['V1.8'], 'leaves': [{0: 0.2647058823529412, 1: 0.7352941176470589}, {0: 1.0, 1: 0.0}]}"
1,0.5,0.15,1,log,lasso,92.99631927255554,0.7031,0.486496540408888,"{'branching': ['V1.8'], 'leaves': [{0: 0.26470588235294107, 1: 0.7352941176470589}, {0: 1.0, 1: 0.0}]}"
1,0.5,0.16,1,tree,linear,87.22178464208238,0.7096,0.4870739938719356,"{'branching': ['V1.8'], 'leaves': [{0: 0.21568627450980393, 1: 0.7843137254901961}, {0: 1.0, 1: 0.0}]}"
1,0.5,0.16,1,tree,lasso,87.22178464208238,0.7111,0.4870739938719356,"{'branching': ['V1.8'], 'leaves': [{0: 0.21568627450980393, 1: 0.7843137254901961}, {0: 1.0, 1: 0.0}]}"
1,0.5,0.16,1,log,linear,87.22178464208238,0.7115,0.4870739938719356,"{'branching': ['V1.8'], 'leaves': [{0: 0.21568627450980393, 1: 0.7843137254901961}, {0: 1.0, 1: 0.0}]}"
1,0.5,0.16,1,log,lasso,87.22178464208301,0.7112,0.4870739938719354,"{'branching': ['V1.8'], 'leaves': [{0: 0.21568627450980404, 1: 0.784313725490196}, {0: 0.9999999999999999, 1: 0.0}]}"
1,0.5,0.17,1,tree,linear,81.44725001160921,0.7182,0.4876514473349824,"{'branching': ['V1.8'], 'leaves': [{0: 0.16666666666666666, 1: 0.8333333333333334}, {0: 1.0, 1: 0.0}]}"
1,0.5,0.17,1,tree,lasso,81.44725001160931,0.7226,0.4876514473349824,"{'branching': ['V1.8'], 'leaves': [{0: 0.16666666666666669, 1: 0.8333333333333333}, {0: 1.0, 1: 0.0}]}"
1,0.5,0.17,1,log,linear,81.44725001160924,0.7182,0.4876514473349824,"{'branching': ['V1.8'], 'leaves': [{0: 0.16666666666666663, 1: 0.8333333333333334}, {0: 1.0, 1: 0.0}]}"
1,0.5,0.17,1,log,lasso,81.44725001160921,0.7221,0.4876514473349824,"{'branching': ['V1.8'], 'leaves': [{0: 0.16666666666666666, 1: 0.8333333333333334}, {0: 1.0, 1: 0.0}]}"
1,0.5,0.18,1,tree,linear,75.67271538113616,0.7284,0.4882289007980289,"{'branching': ['V1.8'], 'leaves': [{0: 0.11764705882352941, 1: 0.8823529411764706}, {0: 1.0, 1: 0.0}]}"
1,0.5,0.18,1,tree,lasso,75.67271538113614,0.7293,0.4882289007980289,"{'branching': ['V1.8'], 'leaves': [{0: 0.11764705882352955, 1: 0.8823529411764705}, {0: 1.0, 1: 0.0}]}"
1,0.5,0.18,1,log,linear,75.67271538113616,0.7274,0.4882289007980289,"{'branching': ['V1.8'], 'leaves': [{0: 0.11764705882352941, 1: 0.8823529411764706}, {0: 1.0, 1: 0.0}]}"
1,0.5,0.18,1,log,lasso,75.67271538113616,0.7293,0.4882289007980289,"{'branching': ['V1.8'], 'leaves': [{0: 0.11764705882352941, 1: 0.8823529411764706}, {0: 1.0, 1: 0.0}]}"
1,0.5,0.19,1,tree,linear,69.89818075066299,0.7373,0.4888063542610777,"{'branching': ['V1.8'], 'leaves': [{0: 0.06862745098039216, 1: 0.9313725490196079}, {0: 1.0, 1: 0.0}]}"
1,0.5,0.19,1,tree,lasso,69.89818075066299,0.7373,0.4888063542610777,"{'branching': ['V1.8'], 'leaves': [{0: 0.06862745098039215, 1: 0.9313725490196079}, {0: 1.0, 1: 0.0}]}"
1,0.5,0.19,1,log,linear,69.89818075066299,0.7383,0.4888063542610777,"{'branching': ['V1.8'], 'leaves': [{0: 0.06862745098039216, 1: 0.9313725490196079}, {0: 1.0, 1: 0.0}]}"
1,0.5,0.19,1,log,lasso,69.89818075066312,0.7384,0.4888063542610776,"{'branching': ['V1.8'], 'leaves': [{0: 0.06862745098039215, 1: 0.9313725490196078}, {0: 1.0, 1: 0.0}]}"
1,0.5,0.2,1,tree,linear,64.12364612018993,0.7478,0.4893838077241256,"{'branching': ['V1.8'], 'leaves': [{0: 0.0196078431372549, 1: 0.9803921568627451}, {0: 1.0, 1: 0.0}]}"
1,0.5,0.2,1,tree,lasso,64.12364612018993,0.7484,0.4893838077241256,"{'branching': ['V1.8'], 'leaves': [{0: 0.0196078431372549, 1: 0.9803921568627451}, {0: 1.0, 1: 0.0}]}"
1,0.5,0.2,1,log,linear,64.12364612018993,0.747,0.4893838077241256,"{'branching': ['V1.8'], 'leaves': [{0: 0.0196078431372549, 1: 0.9803921568627451}, {0: 1.0, 1: 0.0}]}"
1,0.5,0.2,1,log,lasso,64.12364612018993,0.7469,0.4893838077241256,"{'branching': ['V1.8'], 'leaves': [{0: 0.019607843137254905, 1: 0.9803921568627451}, {0: 1.0, 1: 0.0}]}"
1,0.5,0.21,1,tree,linear,63.380680387617694,0.7484,0.4894581042973819,"{'branching': ['V1.8'], 'leaves': [{0: 0.0, 1: 1.0}, {0: 0.992462311557789, 1: 0.007537688442211032}]}"
1,0.5,0.21,1,tree,lasso,63.380680387617446,0.7476,0.4894581042973819,"{'branching': ['V1.8'], 'leaves': [{0: 0.0, 1: 1.0}, {0: 0.992462311557789, 1: 0.0075376884422111035}]}"
1,0.5,0.21,1,log,linear,63.380680387617694,0.7482,0.4894581042973819,"{'branching': ['V1.8'], 'leaves': [{0: 0.0, 1: 1.0}, {0: 0.992462311557789, 1: 0.007537688442211032}]}"
1,0.5,0.21,1,log,lasso,63.38068038761734,0.7479,0.4894581042973819,"{'branching': ['V1.8'], 'leaves': [{0: 0.0, 1: 1.0}, {0: 0.992462311557789, 1: 0.007537688442211135}]}"
1,0.5,0.22,1,tree,linear,65.99209392031281,0.7442,0.4891969629441133,"{'branching': ['V1.8'], 'leaves': [{0: 0.0, 1: 1.0}, {0: 0.9798994974874372, 1: 0.02010050251256279}]}"
1,0.5,0.22,1,tree,lasso,65.99209392031284,0.7471,0.4891969629441133,"{'branching': ['V1.8'], 'leaves': [{0: 0.0, 1: 1.0}, {0: 0.9798994974874371, 1: 0.0201005025125629}]}"
1,0.5,0.22,1,log,linear,65.99209392031284,0.7449,0.4891969629441133,"{'branching': ['V1.8'], 'leaves': [{0: 0.0, 1: 1.0}, {0: 0.9798994974874371, 1: 0.0201005025125629}]}"
1,0.5,0.22,1,log,lasso,65.99209392031277,0.746,0.4891969629441133,"{'branching': ['V1.8'], 'leaves': [{0: 0.0, 1: 1.0}, {0: 0.9798994974874373, 1: 0.02010050251256268}]}"
1,0.5,0.23,1,tree,linear,68.6035074530079,0.7398,0.4889358215908418,"{'branching': ['V1.8'], 'leaves': [{0: 0.0, 1: 1.0}, {0: 0.9673366834170855, 1: 0.032663316582914555}]}"
1,0.5,0.23,1,tree,lasso,68.60350745300784,0.741,0.4889358215908418,"{'branching': ['V1.8'], 'leaves': [{0: 0.0, 1: 1.0}, {0: 0.9673366834170855, 1: 0.03266331658291457}]}"
1,0.5,0.23,1,log,linear,68.60350745300794,0.7411,0.4889358215908418,"{'branching': ['V1.8'], 'leaves': [{0: 0.0, 1: 1.0}, {0: 0.9673366834170853, 1: 0.03266331658291466}]}"
1,0.5,0.23,1,log,lasso,68.60350745300794,0.7399,0.4889358215908418,"{'branching': ['V1.8'], 'leaves': [{0: 0.0, 1: 1.0}, {0: 0.9673366834170853, 1: 0.03266331658291466}]}"
1,0.5,0.24,1,tree,linear,64.60534967928703,0.7631,0.4893356373682154,"{'branching': ['V1.7'], 'leaves': [{0: 0.1836734693877551, 1: 0.8163265306122449}, {0: 1.0, 1: 0.0}]}"
1,0.5,0.24,1,tree,lasso,71.21492098570289,0.7376,0.4886746802375732,"{'branching': ['V1.8'], 'leaves': [{0: 0.0, 1: 1.0}, {0: 0.9547738693467337, 1: 0.04522613065326634}]}"
1,0.5,0.24,1,log,linear,64.60534967928716,0.7643,0.4893356373682154,"{'branching': ['V1.7'], 'leaves': [{0: 0.18367346938775517, 1: 0.8163265306122448}, {0: 1.0, 1: 0.0}]}"
1,0.5,0.24,1,log,lasso,71.21492098570306,0.7383,0.4886746802375731,"{'branching': ['V1.8'], 'leaves': [{0: 0.0, 1: 1.0}, {0: 0.9547738693467336, 1: 0.045226130653266416}]}"
1,0.5,0.25,1,tree,linear,59.81330846885511,0.7748,0.4898148414892589,"{'branching': ['V1.7'], 'leaves': [{0: 0.14965986394557823, 1: 0.8503401360544218}, {0: 1.0, 1: 0.0}]}"
1,0.5,0.25,1,tree,lasso,59.81330846885511,0.7724,0.4898148414892589,"{'branching': ['V1.7'], 'leaves': [{0: 0.14965986394557823, 1: 0.8503401360544218}, {0: 1.0, 1: 0.0}]}"
1,0.5,0.25,1,log,linear,59.81330846885511,0.7742,0.4898148414892589,"{'branching': ['V1.7'], 'leaves': [{0: 0.14965986394557823, 1: 0.8503401360544218}, {0: 1.0, 1: 0.0}]}"
1,0.5,0.25,1,log,lasso,59.81330846885511,0.7701,0.4898148414892589,"{'branching': ['V1.7'], 'leaves': [{0: 0.14965986394557823, 1: 0.8503401360544218}, {0: 1.0, 1: 0.0}]}"
1,0.5,0.26,1,tree,linear,55.02126725842336,0.7817,0.4902940456103013,"{'branching': ['V1.7'], 'leaves': [{0: 0.11564625850340135, 1: 0.8843537414965986}, {0: 1.0, 1: 0.0}]}"
1,0.5,0.26,1,tree,lasso,55.021267258423386,0.7811,0.4902940456103013,"{'branching': ['V1.7'], 'leaves': [{0: 0.11564625850340134, 1: 0.8843537414965986}, {0: 1.0, 1: 0.0}]}"
1,0.5,0.26,1,log,linear,55.021267258423215,0.7824,0.4902940456103014,"{'branching': ['V1.7'], 'leaves': [{0: 0.11564625850340132, 1: 0.8843537414965987}, {0: 1.0, 1: 0.0}]}"
1,0.5,0.26,1,log,lasso,55.02126725842341,0.7805,0.4902940456103013,"{'branching': ['V1.7'], 'leaves': [{0: 0.11564625850340132, 1: 0.8843537414965986}, {0: 1.0, 1: 0.0}]}"
1,0.5,0.27,1,tree,linear,50.22922604799142,0.7885,0.4907732497313448,"{'branching': ['V1.7'], 'leaves': [{0: 0.08163265306122448, 1: 0.9183673469387755}, {0: 1.0, 1: 0.0}]}"
1,0.5,0.27,1,tree,lasso,50.22922604799142,0.7921,0.4907732497313448,"{'branching': ['V1.7'], 'leaves': [{0: 0.08163265306122448, 1: 0.9183673469387755}, {0: 1.0, 1: 0.0}]}"
1,0.5,0.27,1,log,linear,50.22922604799142,0.7941,0.4907732497313448,"{'branching': ['V1.7'], 'leaves': [{0: 0.08163265306122448, 1: 0.9183673469387755}, {0: 1.0, 1: 0.0}]}"
1,0.5,0.27,1,log,lasso,50.22922604799149,0.7897,0.4907732497313448,"{'branching': ['V1.7'], 'leaves': [{0: 0.08163265306122455, 1: 0.9183673469387754}, {0: 1.0, 1: 0.0}]}"
1,0.5,0.28,1,tree,linear,45.43718483755964,0.7971,0.4912524538523861,"{'branching': ['V1.7'], 'leaves': [{0: 0.047619047619047616, 1: 0.9523809523809523}, {0: 1.0, 1: 0.0}]}"
1,0.5,0.28,1,tree,lasso,45.43718483755964,0.7999,0.4912524538523861,"{'branching': ['V1.7'], 'leaves': [{0: 0.047619047619047616, 1: 0.9523809523809523}, {0: 1.0, 1: 0.0}]}"
1,0.5,0.28,1,log,linear,45.43718483755964,0.7989,0.4912524538523861,"{'branching': ['V1.7'], 'leaves': [{0: 0.047619047619047616, 1: 0.9523809523809523}, {0: 1.0, 1: 0.0}]}"
1,0.5,0.28,1,log,lasso,45.43718483755964,0.7984,0.4912524538523861,"{'branching': ['V1.7'], 'leaves': [{0: 0.047619047619047616, 1: 0.9523809523809523}, {0: 1.0, 1: 0.0}]}"
1,0.5,0.29,1,tree,linear,40.64514362712752,0.8073,0.4917316579734321,"{'branching': ['V1.7'], 'leaves': [{0: 0.013605442176870734, 1: 0.9863945578231293}, {0: 1.0, 1: 0.0}]}"
1,0.5,0.29,1,tree,lasso,40.64514362712773,0.8072,0.4917316579734321,"{'branching': ['V1.7'], 'leaves': [{0: 0.013605442176870722, 1: 0.9863945578231292}, {0: 1.0, 1: 0.0}]}"
1,0.5,0.29,1,log,linear,40.645143627127695,0.8059,0.4917316579734321,"{'branching': ['V1.7'], 'leaves': [{0: 0.013605442176870748, 1: 0.9863945578231292}, {0: 1.0, 1: 0.0}]}"
1,0.5,0.29,1,log,lasso,40.645143627127695,0.8072,0.4917316579734321,"{'branching': ['V1.7'], 'leaves': [{0: 0.013605442176870748, 1: 0.9863945578231292}, {0: 1.0, 1: 0.0}]}"
1,0.5,0.3,1,tree,linear,40.6911092023961,0.8079,0.4917270614159029,"{'branching': ['V1.7'], 'leaves': [{0: 0.0, 1: 1.0}, {0: 0.9915014164305948, 1: 0.00849858356940525}]}"
1,0.5,0.3,1,tree,lasso,38.72832714295491,0.8103,0.4919233396218481,"{'branching': ['V1.7'], 'leaves': [{0: 0.0, 1: 1.0}, {0: 1.0, 1: 0.0}]}"
1,0.5,0.3,1,log,linear,40.69110920239607,0.8074,0.4917270614159029,"{'branching': ['V1.7'], 'leaves': [{0: 0.0, 1: 1.0}, {0: 0.9915014164305949, 1: 0.008498583569405138}]}"
1,0.5,0.3,1,log,lasso,40.69110920239607,0.8068,0.4917270614159029,"{'branching': ['V1.7'], 'leaves': [{0: 0.0, 1: 1.0}, {0: 0.9915014164305949, 1: 0.008498583569405138}]}"
1,0.5,0.31,1,tree,linear,43.962412634798,0.8009,0.4913999310726648,"{'branching': ['V1.7'], 'leaves': [{0: 0.0, 1: 1.0}, {0: 0.9773371104815864, 1: 0.022662889518413554}]}"
1,0.5,0.31,1,tree,lasso,38.72832714295491,0.8103,0.4919233396218481,"{'branching': ['V1.7'], 'leaves': [{0: 0.0, 1: 1.0}, {0: 1.0, 1: 0.0}]}"
1,0.5,0.31,1,log,linear,43.962412634798,0.8011,0.4913999310726648,"{'branching': ['V1.7'], 'leaves': [{0: 0.0, 1: 1.0}, {0: 0.9773371104815864, 1: 0.022662889518413554}]}"
1,0.5,0.31,1,log,lasso,43.962412634798,0.8028,0.4913999310726648,"{'branching': ['V1.7'], 'leaves': [{0: 0.0, 1: 1.0}, {0: 0.9773371104815864, 1: 0.022662889518413554}]}"
1,0.5,0.32,1,tree,linear,47.23371606719993,0.7958,0.491072800729424,"{'branching': ['V1.7'], 'leaves': [{0: 0.0, 1: 1.0}, {0: 0.9631728045325779, 1: 0.03682719546742208}]}"
1,0.5,0.32,1,tree,lasso,38.72832714295491,0.8103,0.4919233396218481,"{'branching': ['V1.7'], 'leaves': [{0: 0.0, 1: 1.0}, {0: 1.0, 1: 0.0}]}"
1,0.5,0.32,1,log,linear,47.23371606719998,0.796,0.4910728007294239,"{'branching': ['V1.7'], 'leaves': [{0: 0.0, 1: 1.0}, {0: 0.9631728045325777, 1: 0.0368271954674223}]}"
1,0.5,0.32,1,log,lasso,47.23371606719993,0.796,0.491072800729424,"{'branching': ['V1.7'], 'leaves': [{0: 0.0, 1: 1.0}, {0: 0.9631728045325779, 1: 0.03682719546742208}]}"
1,0.5,0.33,1,tree,linear,50.50501949960186,0.7904,0.4907456703861838,"{'branching': ['V1.7'], 'leaves': [{0: 0.0, 1: 1.0}, {0: 0.9490084985835694, 1: 0.05099150141643061}]}"
1,0.5,0.33,1,tree,lasso,38.72832714295491,0.8103,0.4919233396218481,"{'branching': ['V1.7'], 'leaves': [{0: 0.0, 1: 1.0}, {0: 1.0, 1: 0.0}]}"
1,0.5,0.33,1,log,linear,50.50501949960186,0.7928,0.4907456703861838,"{'branching': ['V1.7'], 'leaves': [{0: 0.0, 1: 1.0}, {0: 0.9490084985835694, 1: 0.05099150141643061}]}"
1,0.5,0.33,1,log,lasso,50.50501949960186,0.7917,0.4907456703861838,"{'branching': ['V1.7'], 'leaves': [{0: 0.0, 1: 1.0}, {0: 0.9490084985835694, 1: 0.05099150141643061}]}"
1,0.5,0.34,1,tree,linear,53.776322932003794,0.785,0.4904185400429438,"{'branching': ['V1.7'], 'leaves': [{0: 0.0, 1: 1.0}, {0: 0.9348441926345609, 1: 0.06515580736543913}]}"
1,0.5,0.34,1,tree,lasso,48.75263222732029,0.8039,0.4909209091134102,"{'branching': ['V1.6'], 'leaves': [{0: 0.13265306122448983, 1: 0.8673469387755102}, {0: 1.0, 1: 0.0}]}"
1,0.5,0.34,1,log,linear,53.77632293200378,0.7868,0.4904185400429439,"{'branching': ['V1.7'], 'leaves': [{0: 0.0, 1: 1.0}, {0: 0.934844192634561, 1: 0.06515580736543902}]}"
1,0.5,0.34,1,log,lasso,48.75263222732035,0.7965,0.4909209091134102,"{'branching': ['V1.6'], 'leaves': [{0: 0.1326530612244898, 1: 0.8673469387755102}, {0: 1.0, 1: 0.0}]}"
1,0.5,0.35,1,tree,linear,44.90375850666336,0.8073,0.4913057964854773,"{'branching': ['V1.6'], 'leaves': [{0: 0.10714285714285714, 1: 0.8928571428571429}, {0: 1.0, 1: 0.0}]}"
1,0.5,0.35,1,tree,lasso,44.90375850666336,0.809,0.4913057964854773,"{'branching': ['V1.6'], 'leaves': [{0: 0.10714285714285714, 1: 0.8928571428571429}, {0: 1.0, 1: 0.0}]}"
1,0.5,0.35,1,log,linear,44.90375850666336,0.8051,0.4913057964854773,"{'branching': ['V1.6'], 'leaves': [{0: 0.10714285714285714, 1: 0.8928571428571429}, {0: 1.0, 1: 0.0}]}"
1,0.5,0.35,1,log,lasso,44.90375850666336,0.8066,0.4913057964854773,"{'branching': ['V1.6'], 'leaves': [{0: 0.10714285714285714, 1: 0.8928571428571429}, {0: 1.0, 1: 0.0}]}"
1,0.5,0.36,1,tree,linear,41.05488478600658,0.8159,0.4916906838575431,"{'branching': ['V1.6'], 'leaves': [{0: 0.0816326530612245, 1: 0.9183673469387755}, {0: 1.0, 1: 0.0}]}"
1,0.5,0.36,1,tree,lasso,41.05488478600658,0.8147,0.4916906838575431,"{'branching': ['V1.6'], 'leaves': [{0: 0.0816326530612245, 1: 0.9183673469387755}, {0: 1.0, 1: 0.0}]}"
1,0.5,0.36,1,log,linear,41.05488478600673,0.8176,0.4916906838575431,"{'branching': ['V1.6'], 'leaves': [{0: 0.08163265306122454, 1: 0.9183673469387754}, {0: 1.0, 1: 0.0}]}"
1,0.5,0.36,1,log,lasso,41.05488478600661,0.8142,0.4916906838575431,"{'branching': ['V1.6'], 'leaves': [{0: 0.08163265306122448, 1: 0.9183673469387755}, {0: 1.0, 1: 0.0}]}"
1,0.5,0.37,1,tree,linear,37.20601106534983,0.8221,0.492075571229608,"{'branching': ['V1.6'], 'leaves': [{0: 0.05612244897959184, 1: 0.9438775510204082}, {0: 1.0, 1: 0.0}]}"
1,0.5,0.37,1,tree,lasso,37.2060110653496,0.8207,0.492075571229608,"{'branching': ['V1.6'], 'leaves': [{0: 0.05612244897959183, 1: 0.9438775510204083}, {0: 1.0, 1: 0.0}]}"
1,0.5,0.37,1,log,linear,37.20601106534978,0.8225,0.492075571229608,"{'branching': ['V1.6'], 'leaves': [{0: 0.05612244897959174, 1: 0.9438775510204083}, {0: 1.0, 1: 0.0}]}"
1,0.5,0.37,1,log,lasso,37.20601106534983,0.8236,0.492075571229608,"{'branching': ['V1.6'], 'leaves': [{0: 0.05612244897959184, 1: 0.9438775510204082}, {0: 1.0, 1: 0.0}]}"
1,0.5,0.38,1,tree,linear,33.35713734469306,0.8297,0.492460458601675,"{'branching': ['V1.6'], 'leaves': [{0: 0.030612244897959183, 1: 0.9693877551020408}, {0: 1.0, 1: 0.0}]}"
1,0.5,0.38,1,tree,lasso,33.35713734469304,0.8286,0.492460458601675,"{'branching': ['V1.6'], 'leaves': [{0: 0.030612244897959193, 1: 0.9693877551020408}, {0: 1.0, 1: 0.0}]}"
1,0.5,0.38,1,log,linear,33.35713734469306,0.8265,0.492460458601675,"{'branching': ['V1.6'], 'leaves': [{0: 0.030612244897959183, 1: 0.9693877551020408}, {0: 1.0, 1: 0.0}]}"
1,0.5,0.38,1,log,lasso,33.35713734469306,0.8287,0.492460458601675,"{'branching': ['V1.6'], 'leaves': [{0: 0.030612244897959183, 1: 0.9693877551020408}, {0: 1.0, 1: 0.0}]}"
1,0.5,0.39,1,tree,linear,29.50826362403605,0.8357,0.4928453459737391,"{'branching': ['V1.6'], 'leaves': [{0: 0.005102040816326531, 1: 0.9948979591836735}, {0: 1.0, 1: 0.0}]}"
1,0.5,0.39,1,tree,lasso,29.508263624036054,0.836,0.4928453459737391,"{'branching': ['V1.6'], 'leaves': [{0: 0.00510204081632653, 1: 0.9948979591836735}, {0: 1.0, 1: 0.0}]}"
1,0.5,0.39,1,log,linear,29.508263624036054,0.8357,0.4928453459737391,"{'branching': ['V1.6'], 'leaves': [{0: 0.005102040816326529, 1: 0.9948979591836735}, {0: 1.0, 1: 0.0}]}"
1,0.5,0.39,1,log,lasso,29.508263624036054,0.835,0.4928453459737391,"{'branching': ['V1.6'], 'leaves': [{0: 0.00510204081632653, 1: 0.9948979591836735}, {0: 1.0, 1: 0.0}]}"
1,0.5,0.4,1,tree,linear,31.90880283504463,0.8323,0.49260529205264,"{'branching': ['V1.6'], 'leaves': [{0: 0.0, 1: 1.0}, {0: 0.9868421052631579, 1: 0.013157894736842146}]}"
1,0.5,0.4,1,tree,lasso,28.7384888799048,0.8373,0.4929223234481531,"{'branching': ['V1.6'], 'leaves': [{0: 0.0, 1: 1.0}, {0: 1.0, 1: 0.0}]}"
1,0.5,0.4,1,log,linear,31.908802835044654,0.8335,0.49260529205264,"{'branching': ['V1.6'], 'leaves': [{0: 0.0, 1: 1.0}, {0: 0.9868421052631577, 1: 0.013157894736842257}]}"
1,0.5,0.4,1,log,lasso,28.7384888799048,0.8373,0.4929223234481531,"{'branching': ['V1.6'], 'leaves': [{0: 0.0, 1: 1.0}, {0: 1.0, 1: 0.0}]}"
2,0.5,0.05,1,tree,linear,231.20788414586264,0.4695,0.4582000373472165,"{'branching': ['V1.9'], 'leaves': [{0: 0.5833333333333334, 1: 0.41666666666666663}, {0: 1.0, 1: 0.0}]}"
2,0.5,0.05,1,tree,lasso,231.20788414586264,0.4693,0.4582000373472165,"{'branching': ['V1.9'], 'leaves': [{0: 0.5833333333333334, 1: 0.41666666666666663}, {0: 1.0, 1: 0.0}]}"
2,0.5,0.05,1,log,linear,231.2078841458627,0.4658,0.4582000373472165,"{'branching': ['V1.9'], 'leaves': [{0: 0.5833333333333334, 1: 0.4166666666666666}, {0: 1.0, 1: 0.0}]}"
2,0.5,0.05,1,log,lasso,231.20788414586264,0.469,0.4582000373472165,"{'branching': ['V1.9'], 'leaves': [{0: 0.5833333333333334, 1: 0.41666666666666663}, {0: 1.0, 1: 0.0}]}"
2,0.5,0.06,1,tree,linear,222.6176264624248,0.4749,0.4590590631155601,"{'branching': ['V1.9'], 'leaves': [{0: 0.5000000000000002, 1: 0.4999999999999998}, {0: 1.0, 1: 0.0}]}"
2,0.5,0.06,1,tree,lasso,222.6176264624248,0.4788,0.4590590631155601,"{'branching': ['V1.9'], 'leaves': [{0: 0.5000000000000004, 1: 0.49999999999999967}, {0: 1.0, 1: 0.0}]}"
2,0.5,0.07,1,tree,linear,214.027368778987,0.4877,0.4599180888839032,"{'branching': ['V1.9'], 'leaves': [{0: 0.41666666666666663, 1: 0.5833333333333334}, {0: 1.0, 1: 0.0}]}"
2,0.5,0.07,1,tree,lasso,214.02736877898693,0.4881,0.4599180888839032,"{'branching': ['V1.9'], 'leaves': [{0: 0.41666666666666696, 1: 0.5833333333333333}, {0: 1.0, 1: 0.0}]}"
2,0.5,0.07,1,log,linear,214.027368778987,0.4899,0.4599180888839032,"{'branching': ['V1.9'], 'leaves': [{0: 0.4166666666666667, 1: 0.5833333333333333}, {0: 1.0, 1: 0.0}]}"
2,0.5,0.07,1,log,lasso,214.02736877898715,0.4862,0.4599180888839032,"{'branching': ['V1.9'], 'leaves': [{0: 0.4166666666666665, 1: 0.5833333333333333}, {0: 1.0, 1: 0.0}]}"
2,0.5,0.08,1,tree,linear,205.4371110955492,0.4919,0.4607771146522474,"{'branching': ['V1.9'], 'leaves': [{0: 0.33333333333333326, 1: 0.6666666666666667}, {0: 1.0, 1: 0.0}]}"
2,0.5,0.08,1,tree,lasso,205.43711109554903,0.4979,0.4607771146522474,"{'branching': ['V1.9'], 'leaves': [{0: 0.33333333333333337, 1: 0.6666666666666669}, {0: 1.0, 1: 5.551115123125783e-17}]}"
2,0.5,0.08,1,log,linear,205.4371110955492,0.4948,0.4607771146522474,"{'branching': ['V1.9'], 'leaves': [{0: 0.33333333333333326, 1: 0.6666666666666667}, {0: 1.0, 1: 0.0}]}"
2,0.5,0.08,1,log,lasso,205.4371110955492,0.4928,0.4607771146522474,"{'branching': ['V1.9'], 'leaves': [{0: 0.33333333333333326, 1: 0.6666666666666667}, {0: 1.0, 1: 0.0}]}"
2,0.5,0.09,1,tree,linear,196.8468534121114,0.5031,0.4616361404205911,"{'branching': ['V1.9'], 'leaves': [{0: 0.25, 1: 0.75}, {0: 1.0, 1: 0.0}]}"
2,0.5,0.09,1,tree,lasso,196.8468534121114,0.5039,0.4616361404205911,"{'branching': ['V1.9'], 'leaves': [{0: 0.25000000000000017, 1: 0.7499999999999999}, {0: 1.0, 1: 0.0}]}"
2,0.5,0.09,1,log,linear,196.8468534121114,0.5059,0.4616361404205911,"{'branching': ['V1.9'], 'leaves': [{0: 0.25, 1: 0.75}, {0: 1.0, 1: 0.0}]}"
2,0.5,0.09,1,log,lasso,196.8468534121114,0.5009,0.4616361404205911,"{'branching': ['V1.9'], 'leaves': [{0: 0.25, 1: 0.75}, {0: 1.0, 1: 0.0}]}"
2,0.5,0.1,1,tree,linear,188.2565957286736,0.5133,0.4624951661889351,"{'branching': ['V1.9'], 'leaves': [{0: 0.16666666666666666, 1: 0.8333333333333334}, {0: 1.0, 1: 0.0}]}"
2,0.5,0.1,1,tree,lasso,188.2565957286736,0.5128,0.4624951661889351,"{'branching': ['V1.9'], 'leaves': [{0: 0.16666666666666666, 1: 0.8333333333333334}, {0: 1.0, 1: 0.0}]}"
2,0.5,0.1,1,log,linear,188.2565957286736,0.5107,0.4624951661889351,"{'branching': ['V1.9'], 'leaves': [{0: 0.16666666666666666, 1: 0.8333333333333334}, {0: 1.0, 1: 0.0}]}"
2,0.5,0.1,1,log,lasso,188.2565957286736,0.511,0.4624951661889351,"{'branching': ['V1.9'], 'leaves': [{0: 0.16666666666666666, 1: 0.8333333333333334}, {0: 1.0, 1: 0.0}]}"
2,0.5,0.11,1,tree,linear,179.66633804523576,0.5206,0.4633541919572795,"{'branching': ['V1.9'], 'leaves': [{0: 0.08333333333333326, 1: 0.9166666666666667}, {0: 1.0, 1: 0.0}]}"
2,0.5,0.11,1,tree,lasso,179.66633804523494,0.5218,0.4633541919572796,"{'branching': ['V1.9'], 'leaves': [{0: 0.08333333333333398, 1: 0.9166666666666661}, {0: 1.0000000000000002, 1: 0.0}]}"
2,0.5,0.11,1,log,linear,179.66633804523582,0.5211,0.4633541919572795,"{'branching': ['V1.9'], 'leaves': [{0: 0.08333333333333333, 1: 0.9166666666666666}, {0: 1.0, 1: 0.0}]}"
2,0.5,0.11,1,log,lasso,179.66633804523656,0.5216,0.4633541919572795,"{'branching': ['V1.9'], 'leaves': [{0: 0.08333333333333359, 1: 0.9166666666666665}, {0: 0.9999999999999997, 1: 1.1102230246251565e-16}]}"
2,0.5,0.12,1,tree,linear,171.07608036179798,0.53,0.4642132177256226,"{'branching': ['V1.9'], 'leaves': [{0: 0.0, 1: 1.0}, {0: 1.0, 1: 0.0}]}"
2,0.5,0.12,1,tree,lasso,171.07608036179803,0.53,0.4642132177256226,"{'branching': ['V1.9'], 'leaves': [{0: 8.326672684688674e-17, 1: 0.9999999999999999}, {0: 1.0, 1: 0.0}]}"
2,0.5,0.12,1,log,linear,171.07608036179798,0.53,0.4642132177256226,"{'branching': ['V1.9'], 'leaves': [{0: 0.0, 1: 1.0}, {0: 1.0, 1: 0.0}]}"
2,0.5,0.12,1,log,lasso,171.0760803617898,0.53,0.4642132177256233,"{'branching': ['V1.9'], 'leaves': [{0: 0.0, 1: 1.000000000000012}, {0: 1.0, 1: 1.3183898417423734e-16}]}"
2,0.5,0.13,1,tree,linear,171.1211567332527,0.5304,0.4642087100884779,"{'branching': ['V1.9'], 'leaves': [{0: 0.0, 1: 1.0}, {0: 0.9886363636363636, 1: 0.011363636363636354}]}"
2,0.5,0.13,1,tree,lasso,171.07608036179798,0.53,0.4642132177256226,"{'branching': ['V1.9'], 'leaves': [{0: 0.0, 1: 1.0}, {0: 1.0, 1: 0.0}]}"
2,0.5,0.13,1,log,linear,171.12115673325326,0.5319,0.4642087100884778,"{'branching': ['V1.9'], 'leaves': [{0: 0.0, 1: 1.0}, {0: 0.9886363636363635, 1: 0.011363636363636322}]}"
2,0.5,0.13,1,log,lasso,171.07608036179798,0.53,0.4642132177256226,"{'branching': ['V1.9'], 'leaves': [{0: 0.0, 1: 1.0}, {0: 1.0, 1: 0.0}]}"
2,0.5,0.14,1,tree,linear,171.16623310470743,0.5322,0.4642042024513319,"{'branching': ['V1.9'], 'leaves': [{0: 0.0, 1: 1.0}, {0: 0.9772727272727275, 1: 0.022727272727272485}]}"
2,0.5,0.14,1,tree,lasso,171.07608036179798,0.53,0.4642132177256226,"{'branching': ['V1.9'], 'leaves': [{0: 0.0, 1: 1.0}, {0: 1.0, 1: 0.0}]}"
2,0.5,0.14,1,log,linear,171.1662331047079,0.5323,0.4642042024513318,"{'branching': ['V1.9'], 'leaves': [{0: 0.0, 1: 1.0}, {0: 0.9772727272727272, 1: 0.022727272727272697}]}"
2,0.5,0.14,1,log,lasso,171.07608036179798,0.53,0.4642132177256226,"{'branching': ['V1.9'], 'leaves': [{0: 0.0, 1: 1.0}, {0: 1.0, 1: 0.0}]}"
2,0.5,0.15,1,tree,linear,161.36543174125148,0.5656,0.4651842825876772,"{'branching': ['V1.8'], 'leaves': [{0: 0.3181818181818182, 1: 0.6818181818181819}, {0: 1.0, 1: 0.0}]}"
2,0.5,0.15,1,tree,lasso,171.07608036179798,0.53,0.4642132177256226,"{'branching': ['V1.9'], 'leaves': [{0: 0.0, 1: 1.0}, {0: 1.0, 1: 0.0}]}"
2,0.5,0.15,1,log,linear,161.36543174125148,0.5667,0.4651842825876772,"{'branching': ['V1.8'], 'leaves': [{0: 0.3181818181818182, 1: 0.6818181818181819}, {0: 1.0, 1: 0.0}]}"
2,0.5,0.15,1,log,lasso,171.07608036179798,0.53,0.4642132177256226,"{'branching': ['V1.9'], 'leaves': [{0: 0.0, 1: 1.0}, {0: 1.0, 1: 0.0}]}"
2,0.5,0.16,1,tree,linear,153.84584901979818,0.5736,0.4659362408598222,"{'branching': ['V1.8'], 'leaves': [{0: 0.2727272727272727, 1: 0.7272727272727273}, {0: 1.0, 1: 0.0}]}"
2,0.5,0.16,1,tree,lasso,153.8458490197989,0.5766,0.4659362408598222,"{'branching': ['V1.8'], 'leaves': [{0: 0.2727272727272732, 1: 0.7272727272727268}, {0: 0.9999999999999997, 1: 1.6653345369377348e-16}]}"
2,0.5,0.16,1,log,linear,153.84584901979818,0.5712,0.4659362408598222,"{'branching': ['V1.8'], 'leaves': [{0: 0.2727272727272727, 1: 0.7272727272727273}, {0: 1.0, 1: 0.0}]}"
2,0.5,0.16,1,log,lasso,153.84584901979818,0.5725,0.4659362408598222,"{'branching': ['V1.8'], 'leaves': [{0: 0.2727272727272727, 1: 0.7272727272727273}, {0: 1.0, 1: 0.0}]}"
2,0.5,0.17,1,tree,linear,146.3262662983449,0.5831,0.4666881991319688,"{'branching': ['V1.8'], 'leaves': [{0: 0.22727272727272727, 1: 0.7727272727272727}, {0: 1.0, 1: 0.0}]}"
2,0.5,0.17,1,tree,lasso,146.3262662983449,0.5811,0.4666881991319688,"{'branching': ['V1.8'], 'leaves': [{0: 0.22727272727272727, 1: 0.7727272727272727}, {0: 1.0, 1: 0.0}]}"
2,0.5,0.17,1,log,linear,146.3262662983449,0.5831,0.4666881991319688,"{'branching': ['V1.8'], 'leaves': [{0: 0.22727272727272727, 1: 0.7727272727272727}, {0: 1.0, 1: 0.0}]}"
2,0.5,0.17,1,log,lasso,146.3262662983449,0.5874,0.4666881991319688,"{'branching': ['V1.8'], 'leaves': [{0: 0.22727272727272727, 1: 0.7727272727272727}, {0: 1.0, 1: 0.0}]}"
2,0.5,0.18,1,tree,linear,138.8066835768916,0.5946,0.4674401574041137,"{'branching': ['V1.8'], 'leaves': [{0: 0.18181818181818182, 1: 0.8181818181818181}, {0: 1.0, 1: 0.0}]}"
2,0.5,0.18,1,tree,lasso,138.8066835768915,0.5931,0.467440157404114,"{'branching': ['V1.8'], 'leaves': [{0: 0.18181818181818177, 1: 0.8181818181818182}, {0: 1.0, 1: 0.0}]}"
2,0.5,0.18,1,log,linear,138.8066835768915,0.597,0.467440157404114,"{'branching': ['V1.8'], 'leaves': [{0: 0.1818181818181818, 1: 0.8181818181818182}, {0: 1.0, 1: 0.0}]}"
2,0.5,0.18,1,log,lasso,138.8066835768915,0.5941,0.467440157404114,"{'branching': ['V1.8'], 'leaves': [{0: 0.1818181818181818, 1: 0.8181818181818182}, {0: 1.0, 1: 0.0}]}"
2,0.5,0.19,1,tree,linear,131.28710085543815,0.6016,0.4681921156762592,"{'branching': ['V1.8'], 'leaves': [{0: 0.13636363636363635, 1: 0.8636363636363636}, {0: 1.0, 1: 0.0}]}"
2,0.5,0.19,1,tree,lasso,131.28710085543815,0.6048,0.4681921156762592,"{'branching': ['V1.8'], 'leaves': [{0: 0.13636363636363635, 1: 0.8636363636363636}, {0: 1.0, 1: 0.0}]}"
2,0.5,0.19,1,log,linear,131.28710085543818,0.6033,0.4681921156762592,"{'branching': ['V1.8'], 'leaves': [{0: 0.13636363636363633, 1: 0.8636363636363636}, {0: 1.0, 1: 0.0}]}"
2,0.5,0.19,1,log,lasso,131.28710085543815,0.6033,0.4681921156762592,"{'branching': ['V1.8'], 'leaves': [{0: 0.13636363636363635, 1: 0.8636363636363636}, {0: 1.0, 1: 0.0}]}"
2,0.5,0.2,1,tree,linear,123.76751813398486,0.6141,0.4689440739484039,"{'branching': ['V1.8'], 'leaves': [{0: 0.09090909090909091, 1: 0.9090909090909091}, {0: 1.0, 1: 0.0}]}"
2,0.5,0.2,1,tree,lasso,123.76751813398482,0.6105,0.4689440739484039,"{'branching': ['V1.8'], 'leaves': [{0: 0.09090909090909094, 1: 0.9090909090909091}, {0: 1.0, 1: 0.0}]}"
2,0.5,0.2,1,log,linear,123.76751813398486,0.6128,0.4689440739484039,"{'branching': ['V1.8'], 'leaves': [{0: 0.09090909090909091, 1: 0.9090909090909091}, {0: 1.0, 1: 0.0}]}"
2,0.5,0.2,1,log,lasso,123.76751813398488,0.6138,0.4689440739484039,"{'branching': ['V1.8'], 'leaves': [{0: 0.0909090909090909, 1: 0.9090909090909091}, {0: 1.0, 1: 0.0}]}"
2,0.5,0.21,1,tree,linear,116.24793541253143,0.6237,0.4696960322205492,"{'branching': ['V1.8'], 'leaves': [{0: 0.045454545454545456, 1: 0.9545454545454546}, {0: 1.0, 1: 0.0}]}"
2,0.5,0.21,1,tree,lasso,116.24793541253148,0.6196,0.4696960322205492,"{'branching': ['V1.8'], 'leaves': [{0: 0.045454545454545414, 1: 0.9545454545454546}, {0: 1.0, 1: 0.0}]}"
2,0.5,0.21,1,log,linear,116.24793541253143,0.6202,0.4696960322205492,"{'branching': ['V1.8'], 'leaves': [{0: 0.045454545454545456, 1: 0.9545454545454546}, {0: 1.0, 1: 0.0}]}"
2,0.5,0.21,1,log,lasso,116.24793541253152,0.621,0.4696960322205492,"{'branching': ['V1.8'], 'leaves': [{0: 0.045454545454545636, 1: 0.9545454545454544}, {0: 1.0, 1: 3.469446951953614e-18}]}"
2,0.5,0.22,1,tree,linear,108.72835269107811,0.6312,0.470447990492695,"{'branching': ['V1.8'], 'leaves': [{0: 0.0, 1: 1.0}, {0: 1.0, 1: 0.0}]}"
2,0.5,0.22,1,tree,lasso,108.72835269107811,0.6312,0.470447990492695,"{'branching': ['V1.8'], 'leaves': [{0: 0.0, 1: 1.0}, {0: 1.0, 1: 0.0}]}"
2,0.5,0.22,1,log,linear,108.72835269107811,0.6312,0.470447990492695,"{'branching': ['V1.8'], 'leaves': [{0: 0.0, 1: 1.0}, {0: 1.0, 1: 0.0}]}"
2,0.5,0.22,1,log,lasso,108.72835269107796,0.6312,0.470447990492695,"{'branching': ['V1.8'], 'leaves': [{0: 0.0, 1: 1.0}, {0: 1.0, 1: 7.632783294297951e-17}]}"
2,0.5,0.23,1,tree,linear,108.72835269107811,0.6312,0.470447990492695,"{'branching': ['V1.8'], 'leaves': [{0: 0.0, 1: 1.0}, {0: 1.0, 1: 0.0}]}"
2,0.5,0.23,1,tree,lasso,114.96497994686442,0.6559,0.4698243277671156,"{'branching': ['V1.7'], 'leaves': [{0: 0.2434210526315789, 1: 0.7565789473684209}, {0: 1.0, 1: 0.0}]}"
2,0.5,0.23,1,log,linear,108.72835269107811,0.6312,0.470447990492695,"{'branching': ['V1.8'], 'leaves': [{0: 0.0, 1: 1.0}, {0: 1.0, 1: 0.0}]}"
2,0.5,0.23,1,log,lasso,108.72835269107811,0.6312,0.470447990492695,"{'branching': ['V1.8'], 'leaves': [{0: 0.0, 1: 1.0}, {0: 1.0, 1: 0.0}]}"
2,0.5,0.24,1,tree,linear,108.72835269107811,0.6312,0.470447990492695,"{'branching': ['V1.8'], 'leaves': [{0: 0.0, 1: 1.0}, {0: 1.0, 1: 0.0}]}"
2,0.5,0.24,1,tree,lasso,108.04349331137765,0.6678,0.4705164764306625,"{'branching': ['V1.7'], 'leaves': [{0: 0.2105263157894737, 1: 0.7894736842105263}, {0: 1.0, 1: 2.7755575615628914e-17}]}"
2,0.5,0.24,1,log,linear,108.72835269107811,0.6312,0.470447990492695,"{'branching': ['V1.8'], 'leaves': [{0: 0.0, 1: 1.0}, {0: 1.0, 1: 0.0}]}"
2,0.5,0.24,1,log,lasso,108.04349331137767,0.6617,0.4705164764306625,"{'branching': ['V1.7'], 'leaves': [{0: 0.21052631578947367, 1: 0.7894736842105263}, {0: 1.0, 1: 0.0}]}"
2,0.5,0.25,1,tree,linear,108.72835269107811,0.6312,0.470447990492695,"{'branching': ['V1.8'], 'leaves': [{0: 0.0, 1: 1.0}, {0: 1.0, 1: 0.0}]}"
2,0.5,0.25,1,tree,lasso,101.12200667589116,0.6764,0.4712086250942125,"{'branching': ['V1.7'], 'leaves': [{0: 0.17763157894736842, 1: 0.8223684210526316}, {0: 1.0, 1: 0.0}]}"
2,0.5,0.25,1,log,linear,108.72835269107811,0.6312,0.470447990492695,"{'branching': ['V1.8'], 'leaves': [{0: 0.0, 1: 1.0}, {0: 1.0, 1: 0.0}]}"
2,0.5,0.25,1,log,lasso,101.12200667589116,0.6769,0.4712086250942125,"{'branching': ['V1.7'], 'leaves': [{0: 0.17763157894736842, 1: 0.8223684210526316}, {0: 1.0, 1: 0.0}]}"
2,0.5,0.26,1,tree,linear,94.20052004040484,0.6836,0.471900773757763,"{'branching': ['V1.7'], 'leaves': [{0: 0.14473684210526316, 1: 0.8552631578947368}, {0: 1.0, 1: 0.0}]}"
2,0.5,0.26,1,tree,lasso,94.20052004040484,0.6871,0.471900773757763,"{'branching': ['V1.7'], 'leaves': [{0: 0.14473684210526316, 1: 0.8552631578947368}, {0: 1.0, 1: 0.0}]}"
2,0.5,0.26,1,log,linear,94.20052004040484,0.6836,0.471900773757763,"{'branching': ['V1.7'], 'leaves': [{0: 0.14473684210526316, 1: 0.8552631578947368}, {0: 1.0, 1: 0.0}]}"
2,0.5,0.26,1,log,lasso,94.20052004040484,0.6884,0.471900773757763,"{'branching': ['V1.7'], 'leaves': [{0: 0.14473684210526316, 1: 0.8552631578947368}, {0: 1.0, 1: 0.0}]}"
2,0.5,0.27,1,tree,linear,87.27903340491835,0.6969,0.4725929224213107,"{'branching': ['V1.7'], 'leaves': [{0: 0.1118421052631579, 1: 0.8881578947368421}, {0: 1.0, 1: 0.0}]}"
2,0.5,0.27,1,tree,lasso,87.27903340491835,0.6973,0.4725929224213107,"{'branching': ['V1.7'], 'leaves': [{0: 0.1118421052631579, 1: 0.8881578947368421}, {0: 1.0, 1: 0.0}]}"
2,0.5,0.27,1,log,linear,87.27903340491835,0.6923,0.4725929224213107,"{'branching': ['V1.7'], 'leaves': [{0: 0.1118421052631579, 1: 0.8881578947368421}, {0: 1.0, 1: 0.0}]}"
2,0.5,0.27,1,log,lasso,87.27903340491835,0.6994,0.4725929224213107,"{'branching': ['V1.7'], 'leaves': [{0: 0.1118421052631579, 1: 0.8881578947368421}, {0: 1.0, 1: 0.0}]}"
2,0.5,0.28,1,tree,linear,80.35754676943169,0.7072,0.4732850710848599,"{'branching': ['V1.7'], 'leaves': [{0: 0.07894736842105123, 1: 0.9210526315789488}, {0: 1.0, 1: 0.0}]}"
2,0.5,0.28,1,tree,lasso,80.35754676943205,0.7053,0.4732850710848598,"{'branching': ['V1.7'], 'leaves': [{0: 0.07894736842105263, 1: 0.9210526315789473}, {0: 1.0, 1: 0.0}]}"
2,0.5,0.28,1,log,linear,80.3575467694317,0.7073,0.4732850710848599,"{'branching': ['V1.7'], 'leaves': [{0: 0.07894736842105146, 1: 0.9210526315789486}, {0: 1.0, 1: 0.0}]}"
2,0.5,0.28,1,log,lasso,80.3575467694319,0.7059,0.4732850710848599,"{'branching': ['V1.7'], 'leaves': [{0: 0.0789473684210526, 1: 0.9210526315789475}, {0: 1.0, 1: 0.0}]}"
2,0.5,0.29,1,tree,linear,73.43606013394555,0.7152,0.4739772197484072,"{'branching': ['V1.7'], 'leaves': [{0: 0.04605263157894737, 1: 0.9539473684210527}, {0: 1.0, 1: 0.0}]}"
2,0.5,0.29,1,tree,lasso,73.43606013394559,0.7147,0.4739772197484072,"{'branching': ['V1.7'], 'leaves': [{0: 0.046052631578947345, 1: 0.9539473684210527}, {0: 1.0, 1: 0.0}]}"
2,0.5,0.29,1,log,linear,73.43606013394555,0.7163,0.4739772197484072,"{'branching': ['V1.7'], 'leaves': [{0: 0.046052631578947366, 1: 0.9539473684210527}, {0: 1.0, 1: 0.0}]}"
2,0.5,0.29,1,log,lasso,73.43606013394573,0.7167,0.4739772197484072,"{'branching': ['V1.7'], 'leaves': [{0: 0.04605263157894737, 1: 0.9539473684210525}, {0: 1.0, 1: 0.0}]}"
2,0.5,0.3,1,tree,linear,66.51457349845924,0.7273,0.4746693684119577,"{'branching': ['V1.7'], 'leaves': [{0: 0.013157894736842106, 1: 0.9868421052631579}, {0: 1.0, 1: 0.0}]}"
2,0.5,0.3,1,tree,lasso,66.51457349845923,0.7269,0.4746693684119577,"{'branching': ['V1.7'], 'leaves': [{0: 0.013157894736842108, 1: 0.9868421052631579}, {0: 1.0, 1: 0.0}]}"
2,0.5,0.3,1,log,linear,66.51457349845865,0.7265,0.4746693684119579,"{'branching': ['V1.7'], 'leaves': [{0: 0.013157894736839974, 1: 0.9868421052631601}, {0: 1.0, 1: 0.0}]}"
2,0.5,0.3,1,log,lasso,66.51457349845916,0.7264,0.4746693684119578,"{'branching': ['V1.7'], 'leaves': [{0: 0.013157894736842035, 1: 0.986842105263158}, {0: 1.0, 1: 0.0}]}"
2,0.5,0.31,1,tree,linear,63.745978844264606,0.7306,0.4749462278773764,"{'branching': ['V1.7'], 'leaves': [{0: 0.0, 1: 1.0}, {0: 1.0, 1: 0.0}]}"
2,0.5,0.31,1,tree,lasso,63.745978844264606,0.7306,0.4749462278773764,"{'branching': ['V1.7'], 'leaves': [{0: 0.0, 1: 1.0}, {0: 1.0, 1: 0.0}]}"
2,0.5,0.31,1,log,linear,63.745978844264606,0.7306,0.4749462278773764,"{'branching': ['V1.7'], 'leaves': [{0: 0.0, 1: 1.0}, {0: 1.0, 1: 0.0}]}"
2,0.5,0.31,1,log,lasso,63.745978844264606,0.7306,0.4749462278773764,"{'branching': ['V1.7'], 'leaves': [{0: 0.0, 1: 1.0}, {0: 1.0, 1: 0.0}]}"
2,0.5,0.32,1,tree,linear,63.745978844264606,0.7306,0.4749462278773764,"{'branching': ['V1.7'], 'leaves': [{0: 0.0, 1: 1.0}, {0: 1.0, 1: 0.0}]}"
2,0.5,0.32,1,tree,lasso,63.745978844264606,0.7306,0.4749462278773764,"{'branching': ['V1.7'], 'leaves': [{0: 0.0, 1: 1.0}, {0: 1.0, 1: 0.0}]}"
2,0.5,0.32,1,log,linear,63.745978844264606,0.7306,0.4749462278773764,"{'branching': ['V1.7'], 'leaves': [{0: 0.0, 1: 1.0}, {0: 1.0, 1: 0.0}]}"
2,0.5,0.32,1,log,lasso,63.745978844264606,0.7306,0.4749462278773764,"{'branching': ['V1.7'], 'leaves': [{0: 0.0, 1: 1.0}, {0: 1.0, 1: 0.0}]}"
2,0.5,0.33,1,tree,linear,63.745978844264606,0.7306,0.4749462278773764,"{'branching': ['V1.7'], 'leaves': [{0: 0.0, 1: 1.0}, {0: 1.0, 1: 0.0}]}"
2,0.5,0.33,1,tree,lasso,63.745978844264606,0.7306,0.4749462278773764,"{'branching': ['V1.7'], 'leaves': [{0: 0.0, 1: 1.0}, {0: 1.0, 1: 0.0}]}"
2,0.5,0.33,1,log,linear,63.745978844264606,0.7306,0.4749462278773764,"{'branching': ['V1.7'], 'leaves': [{0: 0.0, 1: 1.0}, {0: 1.0, 1: 0.0}]}"
2,0.5,0.33,1,log,lasso,63.745978844264606,0.7306,0.4749462278773764,"{'branching': ['V1.7'], 'leaves': [{0: 0.0, 1: 1.0}, {0: 1.0, 1: 0.0}]}"
2,0.5,0.34,1,tree,linear,63.745978844264606,0.7306,0.4749462278773764,"{'branching': ['V1.7'], 'leaves': [{0: 0.0, 1: 1.0}, {0: 1.0, 1: 0.0}]}"
2,0.5,0.34,1,tree,lasso,63.745978844264606,0.7306,0.4749462278773764,"{'branching': ['V1.7'], 'leaves': [{0: 0.0, 1: 1.0}, {0: 1.0, 1: 0.0}]}"
2,0.5,0.34,1,log,linear,63.745978844264606,0.7306,0.4749462278773764,"{'branching': ['V1.7'], 'leaves': [{0: 0.0, 1: 1.0}, {0: 1.0, 1: 0.0}]}"
2,0.5,0.34,1,log,lasso,63.745978844264606,0.7306,0.4749462278773764,"{'branching': ['V1.7'], 'leaves': [{0: 0.0, 1: 1.0}, {0: 1.0, 1: 0.0}]}"
2,0.5,0.35,1,tree,linear,67.50328686300804,0.7618,0.4745704970754997,"{'branching': ['V1.6'], 'leaves': [{0: 0.142156862745098, 1: 0.857843137254902}, {0: 1.0, 1: 0.0}]}"
2,0.5,0.35,1,tree,lasso,67.50328686300797,0.7613,0.4745704970754997,"{'branching': ['V1.6'], 'leaves': [{0: 0.14215686274509803, 1: 0.857843137254902}, {0: 1.0, 1: 0.0}]}"
2,0.5,0.35,1,log,linear,67.50328686300797,0.7631,0.4745704970754997,"{'branching': ['V1.6'], 'leaves': [{0: 0.14215686274509803, 1: 0.857843137254902}, {0: 1.0, 1: 0.0}]}"
2,0.5,0.35,1,log,lasso,67.50328686300809,0.7625,0.4745704970754997,"{'branching': ['V1.6'], 'leaves': [{0: 0.14215686274509798, 1: 0.857843137254902}, {0: 1.0, 1: 0.0}]}"
2,0.5,0.36,1,tree,linear,61.598832985864064,0.7753,0.4751609424632156,"{'branching': ['V1.6'], 'leaves': [{0: 0.11764705882352941, 1: 0.8823529411764706}, {0: 1.0, 1: 0.0}]}"
2,0.5,0.36,1,tree,lasso,61.59883298586401,0.7729,0.4751609424632156,"{'branching': ['V1.6'], 'leaves': [{0: 0.11764705882352944, 1: 0.8823529411764706}, {0: 1.0, 1: 0.0}]}"
2,0.5,0.36,1,log,linear,61.59883298586409,0.7717,0.4751609424632156,"{'branching': ['V1.6'], 'leaves': [{0: 0.1176470588235294, 1: 0.8823529411764706}, {0: 1.0, 1: 0.0}]}"
2,0.5,0.36,1,log,lasso,61.59883298586404,0.7723,0.4751609424632156,"{'branching': ['V1.6'], 'leaves': [{0: 0.11764705882352942, 1: 0.8823529411764706}, {0: 1.0, 1: 0.0}]}"
2,0.5,0.37,1,tree,linear,55.69437910871984,0.7829,0.4757513878509297,"{'branching': ['V1.6'], 'leaves': [{0: 0.09313725490196081, 1: 0.9068627450980392}, {0: 1.0, 1: 0.0}]}"
2,0.5,0.37,1,tree,lasso,55.69437910871989,0.7808,0.4757513878509297,"{'branching': ['V1.6'], 'leaves': [{0: 0.09313725490196079, 1: 0.9068627450980392}, {0: 1.0, 1: 0.0}]}"
2,0.5,0.37,1,log,linear,55.69437910871989,0.7859,0.4757513878509297,"{'branching': ['V1.6'], 'leaves': [{0: 0.09313725490196079, 1: 0.9068627450980392}, {0: 1.0, 1: 0.0}]}"
2,0.5,0.37,1,log,lasso,55.69437910871989,0.7845,0.4757513878509297,"{'branching': ['V1.6'], 'leaves': [{0: 0.09313725490196079, 1: 0.9068627450980392}, {0: 1.0, 1: 0.0}]}"
2,0.5,0.38,1,tree,linear,49.78992523157602,0.7903,0.4763418332386444,"{'branching': ['V1.6'], 'leaves': [{0: 0.06862745098039215, 1: 0.9313725490196078}, {0: 1.0, 1: 0.0}]}"
2,0.5,0.38,1,tree,lasso,49.78992523157577,0.7968,0.4763418332386444,"{'branching': ['V1.6'], 'leaves': [{0: 0.06862745098039215, 1: 0.9313725490196079}, {0: 1.0, 1: 0.0}]}"
2,0.5,0.38,1,log,linear,49.78992523157574,0.7932,0.4763418332386444,"{'branching': ['V1.6'], 'leaves': [{0: 0.06862745098039216, 1: 0.9313725490196079}, {0: 1.0, 1: 0.0}]}"
2,0.5,0.38,1,log,lasso,49.78992523157574,0.7913,0.4763418332386444,"{'branching': ['V1.6'], 'leaves': [{0: 0.06862745098039216, 1: 0.9313725490196079}, {0: 1.0, 1: 0.0}]}"
2,0.5,0.39,1,tree,linear,43.88547135443192,0.8034,0.4769322786263574,"{'branching': ['V1.6'], 'leaves': [{0: 0.04411764705882349, 1: 0.9558823529411764}, {0: 1.0, 1: 0.0}]}"
2,0.5,0.39,1,tree,lasso,43.88547135443159,0.8018,0.4769322786263574,"{'branching': ['V1.6'], 'leaves': [{0: 0.04411764705882353, 1: 0.9558823529411765}, {0: 1.0, 1: 0.0}]}"
2,0.5,0.39,1,log,linear,43.88547135443159,0.8025,0.4769322786263574,"{'branching': ['V1.6'], 'leaves': [{0: 0.04411764705882353, 1: 0.9558823529411765}, {0: 1.0, 1: 0.0}]}"
2,0.5,0.39,1,log,lasso,43.8854713544316,0.8024,0.4769322786263574,"{'branching': ['V1.6'], 'leaves': [{0: 0.044117647058823525, 1: 0.9558823529411765}, {0: 1.0, 1: 0.0}]}"
2,0.5,0.4,1,tree,linear,37.981017477287686,0.8108,0.4775227240140737,"{'branching': ['V1.6'], 'leaves': [{0: 0.0196078431372549, 1: 0.9803921568627451}, {0: 1.0, 1: 0.0}]}"
2,0.5,0.4,1,tree,lasso,37.98101747728756,0.8103,0.4775227240140737,"{'branching': ['V1.6'], 'leaves': [{0: 0.019607843137254968, 1: 0.9803921568627451}, {0: 1.0, 1: 0.0}]}"
2,0.5,0.4,1,log,linear,37.98101747728757,0.8117,0.4775227240140737,"{'branching': ['V1.6'], 'leaves': [{0: 0.019607843137254832, 1: 0.9803921568627452}, {0: 1.0, 1: 0.0}]}"
2,0.5,0.4,1,log,lasso,37.981017477287686,0.8119,0.4775227240140737,"{'branching': ['V1.6'], 'leaves': [{0: 0.0196078431372549, 1: 0.9803921568627451}, {0: 1.0, 1: 0.0}]}"
3,0.5,0.05,1,tree,linear,186.02830024913607,0.5498,0.5046474734392269,"{'branching': ['V1.9'], 'leaves': [{0: 0.5283018867924528, 1: 0.4716981132075472}, {0: 1.0, 1: 0.0}]}"
3,0.5,0.05,1,tree,lasso,186.02830024913607,0.5483,0.5046474734392269,"{'branching': ['V1.9'], 'leaves': [{0: 0.5283018867924528, 1: 0.4716981132075472}, {0: 1.0, 1: 0.0}]}"
3,0.5,0.05,1,log,linear,186.02830024913607,0.5482,0.5046474734392269,"{'branching': ['V1.9'], 'leaves': [{0: 0.5283018867924528, 1: 0.4716981132075472}, {0: 1.0, 1: 0.0}]}"
3,0.5,0.05,1,log,lasso,186.0283002491361,0.548,0.5046474734392269,"{'branching': ['V1.9'], 'leaves': [{0: 0.5283018867924525, 1: 0.4716981132075475}, {0: 1.0, 1: 0.0}]}"
3,0.5,0.06,1,tree,linear,178.75373602764452,0.5566,0.5053749298613767,"{'branching': ['V1.9'], 'leaves': [{0: 0.4339622641509434, 1: 0.5660377358490566}, {0: 1.0, 1: 0.0}]}"
3,0.5,0.06,1,tree,lasso,178.75373602764452,0.5597,0.5053749298613767,"{'branching': ['V1.9'], 'leaves': [{0: 0.4339622641509434, 1: 0.5660377358490566}, {0: 1.0, 1: 0.0}]}"
3,0.5,0.06,1,log,linear,178.75373602764452,0.5583,0.5053749298613767,"{'branching': ['V1.9'], 'leaves': [{0: 0.4339622641509434, 1: 0.5660377358490566}, {0: 1.0, 1: 0.0}]}"
3,0.5,0.06,1,log,lasso,178.75373602764537,0.5606,0.5053749298613766,"{'branching': ['V1.9'], 'leaves': [{0: 0.4339622641509434, 1: 0.5660377358490565}, {0: 0.9999999999999999, 1: 0.0}]}"
3,0.5,0.07,1,tree,linear,171.47917180615298,0.5659,0.5061023862835254,"{'branching': ['V1.9'], 'leaves': [{0: 0.33962264150943383, 1: 0.6603773584905662}, {0: 1.0, 1: 0.0}]}"
3,0.5,0.07,1,tree,lasso,171.47917180615298,0.5678,0.5061023862835254,"{'branching': ['V1.9'], 'leaves': [{0: 0.33962264150943394, 1: 0.6603773584905661}, {0: 1.0, 1: 0.0}]}"
3,0.5,0.07,1,log,linear,171.47917180615298,0.5687,0.5061023862835254,"{'branching': ['V1.9'], 'leaves': [{0: 0.33962264150943394, 1: 0.6603773584905661}, {0: 1.0, 1: 0.0}]}"
3,0.5,0.07,1,log,lasso,171.47917180615298,0.5708,0.5061023862835254,"{'branching': ['V1.9'], 'leaves': [{0: 0.3396226415094339, 1: 0.6603773584905661}, {0: 1.0, 1: 0.0}]}"
3,0.5,0.08,1,tree,linear,164.20460758466143,0.5748,0.5068298427056744,"{'branching': ['V1.9'], 'leaves': [{0: 0.24528301886792458, 1: 0.7547169811320754}, {0: 1.0, 1: 0.0}]}"
3,0.5,0.08,1,tree,lasso,164.20460758466146,0.5766,0.5068298427056744,"{'branching': ['V1.9'], 'leaves': [{0: 0.24528301886792442, 1: 0.7547169811320755}, {0: 1.0, 1: 0.0}]}"
3,0.5,0.08,1,log,linear,164.20460758466146,0.5769,0.5068298427056744,"{'branching': ['V1.9'], 'leaves': [{0: 0.24528301886792453, 1: 0.7547169811320754}, {0: 1.0, 1: 0.0}]}"
3,0.5,0.08,1,log,lasso,164.20460758466143,0.5733,0.5068298427056744,"{'branching': ['V1.9'], 'leaves': [{0: 0.24528301886792458, 1: 0.7547169811320754}, {0: 1.0, 1: 0.0}]}"
3,0.5,0.09,1,tree,linear,156.93004336316986,0.585,0.5075572991278244,"{'branching': ['V1.9'], 'leaves': [{0: 0.15094339622641506, 1: 0.8490566037735849}, {0: 1.0, 1: 0.0}]}"
3,0.5,0.09,1,tree,lasso,156.93004336316983,0.5871,0.5075572991278244,"{'branching': ['V1.9'], 'leaves': [{0: 0.15094339622641512, 1: 0.8490566037735849}, {0: 1.0, 1: 0.0}]}"
3,0.5,0.09,1,log,linear,156.93004336316986,0.5848,0.5075572991278244,"{'branching': ['V1.9'], 'leaves': [{0: 0.1509433962264151, 1: 0.8490566037735849}, {0: 1.0, 1: 0.0}]}"
3,0.5,0.09,1,log,lasso,156.93004336316986,0.5855,0.5075572991278244,"{'branching': ['V1.9'], 'leaves': [{0: 0.1509433962264151, 1: 0.8490566037735849}, {0: 1.0, 1: 0.0}]}"
3,0.5,0.1,1,tree,linear,149.65547914167828,0.5933,0.5082847555499725,"{'branching': ['V1.9'], 'leaves': [{0: 0.05660377358490566, 1: 0.9433962264150944}, {0: 1.0, 1: 0.0}]}"
3,0.5,0.1,1,tree,lasso,149.6554791416783,0.5935,0.5082847555499725,"{'branching': ['V1.9'], 'leaves': [{0: 0.05660377358490565, 1: 0.9433962264150944}, {0: 1.0, 1: 0.0}]}"
3,0.5,0.1,1,log,linear,149.65547914167828,0.5939,0.5082847555499725,"{'branching': ['V1.9'], 'leaves': [{0: 0.05660377358490566, 1: 0.9433962264150944}, {0: 1.0, 1: 0.0}]}"
3,0.5,0.1,1,log,lasso,149.65547914167934,0.594,0.5082847555499724,"{'branching': ['V1.9'], 'leaves': [{0: 0.05660377358490354, 1: 0.943396226415096}, {0: 0.9999999999999998, 1: 0.0}]}"
3,0.5,0.11,1,tree,linear,145.29074060878338,0.5992,0.5087212294032627,"{'branching': ['V1.9'], 'leaves': [{0: 0.0, 1: 1.0}, {0: 1.0, 1: 0.0}]}"
3,0.5,0.11,1,tree,lasso,145.29074060878338,0.5992,0.5087212294032627,"{'branching': ['V1.9'], 'leaves': [{0: 0.0, 1: 1.0}, {0: 1.0, 1: 0.0}]}"
3,0.5,0.11,1,log,linear,145.29074060878338,0.5992,0.5087212294032627,"{'branching': ['V1.9'], 'leaves': [{0: 0.0, 1: 1.0}, {0: 1.0, 1: 0.0}]}"
3,0.5,0.11,1,log,lasso,145.29074060878338,0.5992,0.5087212294032627,"{'branching': ['V1.9'], 'leaves': [{0: 0.0, 1: 1.0}, {0: 1.0, 1: 3.729655473350135e-17}]}"
3,0.5,0.12,1,tree,linear,145.29074060878338,0.5992,0.5087212294032627,"{'branching': ['V1.9'], 'leaves': [{0: 0.0, 1: 1.0}, {0: 1.0, 1: 0.0}]}"
3,0.5,0.12,1,tree,lasso,145.29074060878338,0.5992,0.5087212294032627,"{'branching': ['V1.9'], 'leaves': [{0: 0.0, 1: 1.0}, {0: 1.0, 1: 0.0}]}"
3,0.5,0.12,1,log,linear,145.29074060878338,0.5992,0.5087212294032627,"{'branching': ['V1.9'], 'leaves': [{0: 0.0, 1: 1.0}, {0: 1.0, 1: 0.0}]}"
3,0.5,0.12,1,log,lasso,145.29074060878338,0.5992,0.5087212294032627,"{'branching': ['V1.9'], 'leaves': [{0: 0.0, 1: 1.0}, {0: 1.0, 1: 0.0}]}"
3,0.5,0.13,1,tree,linear,145.29074060878338,0.5992,0.5087212294032627,"{'branching': ['V1.9'], 'leaves': [{0: 0.0, 1: 1.0}, {0: 1.0, 1: 0.0}]}"
3,0.5,0.13,1,tree,lasso,145.29074060878244,0.5992,0.5087212294032628,"{'branching': ['V1.9'], 'leaves': [{0: 0.0, 1: 1.0}, {0: 1.0000000000000002, 1: 0.0}]}"
3,0.5,0.13,1,log,linear,145.29074060878338,0.5992,0.5087212294032627,"{'branching': ['V1.9'], 'leaves': [{0: 0.0, 1: 1.0}, {0: 1.0, 1: 0.0}]}"
3,0.5,0.13,1,log,lasso,145.29074060878332,0.5992,0.5087212294032627,"{'branching': ['V1.9'], 'leaves': [{0: 0.0, 1: 1.0}, {0: 1.0, 1: 5.551115123125783e-17}]}"
3,0.5,0.14,1,tree,linear,145.29074060878338,0.5992,0.5087212294032627,"{'branching': ['V1.9'], 'leaves': [{0: 0.0, 1: 1.0}, {0: 1.0, 1: 0.0}]}"
3,0.5,0.14,1,tree,lasso,145.29074060878338,0.5992,0.5087212294032627,"{'branching': ['V1.9'], 'leaves': [{0: 0.0, 1: 1.0}, {0: 1.0, 1: 0.0}]}"
3,0.5,0.14,1,log,linear,145.29074060878338,0.5992,0.5087212294032627,"{'branching': ['V1.9'], 'leaves': [{0: 0.0, 1: 1.0}, {0: 1.0, 1: 0.0}]}"
3,0.5,0.14,1,log,lasso,145.29074060878244,0.5992,0.5087212294032628,"{'branching': ['V1.9'], 'leaves': [{0: 0.0, 1: 1.0}, {0: 1.0000000000000002, 1: 0.0}]}"
3,0.5,0.15,1,tree,linear,145.29074060878338,0.5992,0.5087212294032627,"{'branching': ['V1.9'], 'leaves': [{0: 0.0, 1: 1.0}, {0: 1.0, 1: 0.0}]}"
3,0.5,0.15,1,tree,lasso,145.29074060878244,0.5992,0.5087212294032628,"{'branching': ['V1.9'], 'leaves': [{0: 0.0, 1: 1.0}, {0: 1.0, 1: 2.220446049250313e-16}]}"
3,0.5,0.15,1,log,linear,145.29074060878338,0.5992,0.5087212294032627,"{'branching': ['V1.9'], 'leaves': [{0: 0.0, 1: 1.0}, {0: 1.0, 1: 0.0}]}"
3,0.5,0.15,1,log,lasso,145.29074060878338,0.5992,0.5087212294032627,"{'branching': ['V1.9'], 'leaves': [{0: 0.0, 1: 1.0}, {0: 1.0, 1: 0.0}]}"
3,0.5,0.16,1,tree,linear,145.29074060878338,0.5992,0.5087212294032627,"{'branching': ['V1.9'], 'leaves': [{0: 0.0, 1: 1.0}, {0: 1.0, 1: 0.0}]}"
3,0.5,0.16,1,tree,lasso,145.29074060878338,0.5992,0.5087212294032627,"{'branching': ['V1.9'], 'leaves': [{0: 0.0, 1: 1.0}, {0: 1.0, 1: 0.0}]}"
3,0.5,0.16,1,log,linear,145.29074060878116,0.5992,0.508721229403263,"{'branching': ['V1.9'], 'leaves': [{0: 0.0, 1: 1.0000000000000036}, {0: 1.0, 1: 0.0}]}"
3,0.5,0.16,1,log,lasso,118.17148667294788,0.6546,0.5114331547968464,"{'branching': ['V1.8'], 'leaves': [{0: 0.19191919191919182, 1: 0.8080808080808082}, {0: 1.0, 1: 0.0}]}"
3,0.5,0.17,1,tree,linear,145.2907406087831,0.5992,0.5087212294032627,"{'branching': ['V1.9'], 'leaves': [{0: 0.0, 1: 1.0000000000000004}, {0: 1.0, 1: 0.0}]}"
3,0.5,0.17,1,tree,lasso,145.29074060878338,0.5992,0.5087212294032627,"{'branching': ['V1.9'], 'leaves': [{0: 0.0, 1: 1.0}, {0: 1.0, 1: 0.0}]}"
3,0.5,0.17,1,log,linear,145.29074060878338,0.5992,0.5087212294032627,"{'branching': ['V1.9'], 'leaves': [{0: 0.0, 1: 1.0}, {0: 1.0, 1: 0.0}]}"
3,0.5,0.17,1,log,lasso,111.6571345052201,0.6616,0.512084590013619,"{'branching': ['V1.8'], 'leaves': [{0: 0.1414141414141406, 1: 0.8585858585858592}, {0: 1.0, 1: 0.0}]}"
3,0.5,0.18,1,tree,linear,145.29074060878338,0.5992,0.5087212294032627,"{'branching': ['V1.9'], 'leaves': [{0: 0.0, 1: 1.0}, {0: 1.0, 1: 0.0}]}"
3,0.5,0.18,1,tree,lasso,145.29074060878338,0.5992,0.5087212294032627,"{'branching': ['V1.9'], 'leaves': [{0: 0.0, 1: 1.0}, {0: 1.0, 1: 0.0}]}"
3,0.5,0.18,1,log,linear,145.29074060878435,0.5992,0.5087212294032626,"{'branching': ['V1.9'], 'leaves': [{0: 6.106226635438361e-16, 1: 0.9999999999999993}, {0: 0.9999999999999998, 1: 5.551115123125783e-17}]}"
3,0.5,0.18,1,log,lasso,105.14278233749214,0.6742,0.5127360252303923,"{'branching': ['V1.8'], 'leaves': [{0: 0.09090909090909044, 1: 0.9090909090909095}, {0: 1.0, 1: 0.0}]}"
3,0.5,0.19,1,tree,linear,98.62843016976431,0.6831,0.5133874604471643,"{'branching': ['V1.8'], 'leaves': [{0: 0.04040404040404038, 1: 0.9595959595959596}, {0: 1.0, 1: 0.0}]}"
3,0.5,0.19,1,tree,lasso,98.6284301697644,0.682,0.5133874604471643,"{'branching': ['V1.8'], 'leaves': [{0: 0.040404040404040435, 1: 0.9595959595959594}, {0: 1.0, 1: 0.0}]}"
3,0.5,0.19,1,log,linear,145.29074060878338,0.5992,0.5087212294032627,"{'branching': ['V1.9'], 'leaves': [{0: 0.0, 1: 1.0}, {0: 1.0, 1: 0.0}]}"
3,0.5,0.19,1,log,lasso,98.62843016976484,0.6809,0.5133874604471643,"{'branching': ['V1.8'], 'leaves': [{0: 0.04040404040404526, 1: 0.9595959595959548}, {0: 1.0, 1: 6.938893903907228e-18}]}"
3,0.5,0.2,1,tree,linear,93.41694843558194,0.6902,0.5139086086205825,"{'branching': ['V1.8'], 'leaves': [{0: 0.0, 1: 1.0}, {0: 1.0, 1: 0.0}]}"
3,0.5,0.2,1,tree,lasso,93.41694843558194,0.6902,0.5139086086205825,"{'branching': ['V1.8'], 'leaves': [{0: 0.0, 1: 1.0}, {0: 1.0, 1: 0.0}]}"
3,0.5,0.2,1,log,linear,93.41694843558194,0.6902,0.5139086086205825,"{'branching': ['V1.8'], 'leaves': [{0: 0.0, 1: 1.0}, {0: 1.0, 1: 0.0}]}"
3,0.5,0.2,1,log,lasso,93.41694843558194,0.6902,0.5139086086205825,"{'branching': ['V1.8'], 'leaves': [{0: 0.0, 1: 1.0}, {0: 1.0, 1: 0.0}]}"
3,0.5,0.21,1,tree,linear,93.41694843558194,0.6902,0.5139086086205825,"{'branching': ['V1.8'], 'leaves': [{0: 0.0, 1: 1.0}, {0: 1.0, 1: 0.0}]}"
3,0.5,0.21,1,tree,lasso,93.41694843558194,0.6902,0.5139086086205825,"{'branching': ['V1.8'], 'leaves': [{0: 0.0, 1: 1.0}, {0: 1.0, 1: 0.0}]}"
3,0.5,0.21,1,log,linear,93.41694843558194,0.6902,0.5139086086205825,"{'branching': ['V1.8'], 'leaves': [{0: 0.0, 1: 1.0}, {0: 1.0, 1: 0.0}]}"
3,0.5,0.21,1,log,lasso,93.4169484355817,0.6902,0.5139086086205825,"{'branching': ['V1.8'], 'leaves': [{0: 2.7755575615628914e-17, 1: 1.0000000000000002}, {0: 1.0, 1: 0.0}]}"
3,0.5,0.22,1,tree,linear,93.41694843558194,0.6902,0.5139086086205825,"{'branching': ['V1.8'], 'leaves': [{0: 0.0, 1: 1.0}, {0: 1.0, 1: 0.0}]}"
3,0.5,0.22,1,tree,lasso,93.41694843558194,0.6902,0.5139086086205825,"{'branching': ['V1.8'], 'leaves': [{0: 0.0, 1: 1.0}, {0: 1.0, 1: 0.0}]}"
3,0.5,0.22,1,log,linear,93.41694843558204,0.6902,0.5139086086205825,"{'branching': ['V1.8'], 'leaves': [{0: 1.1102230246251565e-16, 1: 0.9999999999999998}, {0: 1.0, 1: 0.0}]}"
3,0.5,0.22,1,log,lasso,93.4169484355826,0.6902,0.5139086086205824,"{'branching': ['V1.8'], 'leaves': [{0: 0.0, 1: 1.0}, {0: 0.9999999999999999, 1: 0.0}]}"
3,0.5,0.23,1,tree,linear,93.41694843558194,0.6902,0.5139086086205825,"{'branching': ['V1.8'], 'leaves': [{0: 0.0, 1: 1.0}, {0: 1.0, 1: 0.0}]}"
3,0.5,0.23,1,tree,lasso,93.41694843558194,0.6902,0.5139086086205825,"{'branching': ['V1.8'], 'leaves': [{0: 0.0, 1: 1.0}, {0: 1.0, 1: 0.0}]}"
3,0.5,0.23,1,log,linear,93.41694843558194,0.6902,0.5139086086205825,"{'branching': ['V1.8'], 'leaves': [{0: 0.0, 1: 1.0}, {0: 1.0, 1: 0.0}]}"
3,0.5,0.23,1,log,lasso,93.41694843558194,0.6902,0.5139086086205825,"{'branching': ['V1.8'], 'leaves': [{0: 0.0, 1: 1.0}, {0: 1.0, 1: 0.0}]}"
3,0.5,0.24,1,tree,linear,93.41694843558194,0.6902,0.5139086086205825,"{'branching': ['V1.8'], 'leaves': [{0: 0.0, 1: 1.0}, {0: 1.0, 1: 0.0}]}"
3,0.5,0.24,1,tree,lasso,93.41694843558194,0.6902,0.5139086086205825,"{'branching': ['V1.8'], 'leaves': [{0: 0.0, 1: 1.0}, {0: 1.0, 1: 0.0}]}"
3,0.5,0.24,1,log,linear,93.41694843558194,0.6902,0.5139086086205825,"{'branching': ['V1.8'], 'leaves': [{0: 0.0, 1: 1.0}, {0: 1.0, 1: 0.0}]}"
3,0.5,0.24,1,log,lasso,93.41694843558194,0.6902,0.5139086086205825,"{'branching': ['V1.8'], 'leaves': [{0: 0.0, 1: 1.0}, {0: 1.0, 1: 0.0}]}"
3,0.5,0.25,1,tree,linear,93.41694843558194,0.6902,0.5139086086205825,"{'branching': ['V1.8'], 'leaves': [{0: 0.0, 1: 1.0}, {0: 1.0, 1: 0.0}]}"
3,0.5,0.25,1,tree,lasso,93.41694843558194,0.6902,0.5139086086205825,"{'branching': ['V1.8'], 'leaves': [{0: 0.0, 1: 1.0}, {0: 1.0, 1: 0.0}]}"
3,0.5,0.25,1,log,linear,93.41694843558194,0.6902,0.5139086086205825,"{'branching': ['V1.8'], 'leaves': [{0: 0.0, 1: 1.0}, {0: 1.0, 1: 0.0}]}"
3,0.5,0.25,1,log,lasso,93.41694843558194,0.6902,0.5139086086205825,"{'branching': ['V1.8'], 'leaves': [{0: 0.0, 1: 1.0}, {0: 1.0, 1: 0.0}]}"
3,0.5,0.26,1,tree,linear,93.41694843558194,0.6902,0.5139086086205825,"{'branching': ['V1.8'], 'leaves': [{0: 0.0, 1: 1.0}, {0: 1.0, 1: 0.0}]}"
3,0.5,0.26,1,tree,lasso,93.41694843558032,0.6902,0.5139086086205827,"{'branching': ['V1.8'], 'leaves': [{0: 0.0, 1: 1.0}, {0: 1.0000000000000002, 1: 2.2204460492503136e-16}]}"
3,0.5,0.26,1,log,linear,93.41694843558194,0.6902,0.5139086086205825,"{'branching': ['V1.8'], 'leaves': [{0: 0.0, 1: 1.0}, {0: 1.0, 1: 0.0}]}"
3,0.5,0.26,1,log,lasso,93.41694843558194,0.6902,0.5139086086205825,"{'branching': ['V1.8'], 'leaves': [{0: 0.0, 1: 1.0}, {0: 1.0, 1: 0.0}]}"
3,0.5,0.27,1,tree,linear,93.41694843558194,0.6902,0.5139086086205825,"{'branching': ['V1.8'], 'leaves': [{0: 0.0, 1: 1.0}, {0: 1.0, 1: 0.0}]}"
3,0.5,0.27,1,tree,lasso,93.41694843558194,0.6902,0.5139086086205825,"{'branching': ['V1.8'], 'leaves': [{0: 0.0, 1: 1.0}, {0: 1.0, 1: 0.0}]}"
3,0.5,0.27,1,log,linear,93.41694843558194,0.6902,0.5139086086205825,"{'branching': ['V1.8'], 'leaves': [{0: 0.0, 1: 1.0}, {0: 1.0, 1: 0.0}]}"
3,0.5,0.27,1,log,lasso,93.41694843558194,0.6902,0.5139086086205825,"{'branching': ['V1.8'], 'leaves': [{0: 0.0, 1: 1.0}, {0: 1.0, 1: 0.0}]}"
3,0.5,0.28,1,tree,linear,93.41694843558194,0.6902,0.5139086086205825,"{'branching': ['V1.8'], 'leaves': [{0: 0.0, 1: 1.0}, {0: 1.0, 1: 0.0}]}"
3,0.5,0.28,1,tree,lasso,93.41694843558194,0.6902,0.5139086086205825,"{'branching': ['V1.8'], 'leaves': [{0: 0.0, 1: 1.0}, {0: 1.0, 1: 0.0}]}"
3,0.5,0.28,1,log,linear,93.41694843558194,0.6902,0.5139086086205825,"{'branching': ['V1.8'], 'leaves': [{0: 0.0, 1: 1.0}, {0: 1.0, 1: 0.0}]}"
3,0.5,0.28,1,log,lasso,93.41694843558194,0.6902,0.5139086086205825,"{'branching': ['V1.8'], 'leaves': [{0: 0.0, 1: 1.0}, {0: 1.0, 1: 0.0}]}"
3,0.5,0.29,1,tree,linear,93.41694843558194,0.6902,0.5139086086205825,"{'branching': ['V1.8'], 'leaves': [{0: 0.0, 1: 1.0}, {0: 1.0, 1: 0.0}]}"
3,0.5,0.29,1,tree,lasso,93.41694843558194,0.6902,0.5139086086205825,"{'branching': ['V1.8'], 'leaves': [{0: 0.0, 1: 1.0}, {0: 1.0, 1: 0.0}]}"
3,0.5,0.29,1,log,linear,93.41694843558194,0.6902,0.5139086086205825,"{'branching': ['V1.8'], 'leaves': [{0: 0.0, 1: 1.0}, {0: 1.0, 1: 0.0}]}"
3,0.5,0.29,1,log,lasso,93.41694843558194,0.6902,0.5139086086205825,"{'branching': ['V1.8'], 'leaves': [{0: 0.0, 1: 1.0}, {0: 1.0, 1: 0.0}]}"
3,0.5,0.3,1,tree,linear,93.41694843558194,0.6902,0.5139086086205825,"{'branching': ['V1.8'], 'leaves': [{0: 0.0, 1: 1.0}, {0: 1.0, 1: 0.0}]}"
3,0.5,0.3,1,tree,lasso,93.41694843558194,0.6902,0.5139086086205825,"{'branching': ['V1.8'], 'leaves': [{0: 0.0, 1: 1.0}, {0: 1.0, 1: 0.0}]}"
3,0.5,0.3,1,log,linear,93.41694843558194,0.6902,0.5139086086205825,"{'branching': ['V1.8'], 'leaves': [{0: 0.0, 1: 1.0}, {0: 1.0, 1: 0.0}]}"
3,0.5,0.3,1,log,lasso,93.41694843558194,0.6902,0.5139086086205825,"{'branching': ['V1.8'], 'leaves': [{0: 0.0, 1: 1.0}, {0: 1.0, 1: 0.0}]}"
3,0.5,0.31,1,tree,linear,93.41694843558194,0.6902,0.5139086086205825,"{'branching': ['V1.8'], 'leaves': [{0: 0.0, 1: 1.0}, {0: 1.0, 1: 0.0}]}"
3,0.5,0.31,1,tree,lasso,93.41694843558194,0.6902,0.5139086086205825,"{'branching': ['V1.8'], 'leaves': [{0: 0.0, 1: 1.0}, {0: 1.0, 1: 0.0}]}"
3,0.5,0.31,1,log,linear,93.41694843558194,0.6902,0.5139086086205825,"{'branching': ['V1.8'], 'leaves': [{0: 0.0, 1: 1.0}, {0: 1.0, 1: 0.0}]}"
3,0.5,0.31,1,log,lasso,93.41694843558194,0.6902,0.5139086086205825,"{'branching': ['V1.8'], 'leaves': [{0: 0.0, 1: 1.0}, {0: 1.0, 1: 0.0}]}"
3,0.5,0.32,1,tree,linear,93.41694843558194,0.6902,0.5139086086205825,"{'branching': ['V1.8'], 'leaves': [{0: 0.0, 1: 1.0}, {0: 1.0, 1: 0.0}]}"
3,0.5,0.32,1,tree,lasso,93.41694843558194,0.6902,0.5139086086205825,"{'branching': ['V1.8'], 'leaves': [{0: 0.0, 1: 1.0}, {0: 1.0, 1: 0.0}]}"
3,0.5,0.32,1,log,linear,93.41694843558194,0.6902,0.5139086086205825,"{'branching': ['V1.8'], 'leaves': [{0: 0.0, 1: 1.0}, {0: 1.0, 1: 0.0}]}"
3,0.5,0.32,1,log,lasso,93.41694843558194,0.6902,0.5139086086205825,"{'branching': ['V1.8'], 'leaves': [{0: 0.0, 1: 1.0}, {0: 1.0, 1: 0.0}]}"
3,0.5,0.33,1,tree,linear,93.41694843558194,0.6902,0.5139086086205825,"{'branching': ['V1.8'], 'leaves': [{0: 0.0, 1: 1.0}, {0: 1.0, 1: 0.0}]}"
3,0.5,0.33,1,tree,lasso,93.41694843558194,0.6902,0.5139086086205825,"{'branching': ['V1.8'], 'leaves': [{0: 0.0, 1: 1.0}, {0: 1.0, 1: 0.0}]}"
3,0.5,0.33,1,log,linear,93.41694843558194,0.6902,0.5139086086205825,"{'branching': ['V1.8'], 'leaves': [{0: 0.0, 1: 1.0}, {0: 1.0, 1: 0.0}]}"
3,0.5,0.33,1,log,lasso,93.41694843558194,0.6902,0.5139086086205825,"{'branching': ['V1.8'], 'leaves': [{0: 0.0, 1: 1.0}, {0: 1.0, 1: 0.0}]}"
3,0.5,0.34,1,tree,linear,93.41694843558194,0.6902,0.5139086086205825,"{'branching': ['V1.8'], 'leaves': [{0: 0.0, 1: 1.0}, {0: 1.0, 1: 0.0}]}"
3,0.5,0.34,1,tree,lasso,93.4169484355822,0.6902,0.5139086086205825,"{'branching': ['V1.8'], 'leaves': [{0: 0.0, 1: 0.9999999999999998}, {0: 1.0, 1: 0.0}]}"
3,0.5,0.34,1,log,linear,93.41694843558194,0.6902,0.5139086086205825,"{'branching': ['V1.8'], 'leaves': [{0: 0.0, 1: 1.0}, {0: 1.0, 1: 0.0}]}"
3,0.5,0.34,1,log,lasso,93.41694843558194,0.6902,0.5139086086205825,"{'branching': ['V1.8'], 'leaves': [{0: 0.0, 1: 1.0}, {0: 1.0, 1: 0.0}]}"
3,0.5,0.35,1,tree,linear,93.41694843558194,0.6902,0.5139086086205825,"{'branching': ['V1.8'], 'leaves': [{0: 0.0, 1: 1.0}, {0: 1.0, 1: 0.0}]}"
3,0.5,0.35,1,tree,lasso,93.41694843558194,0.6902,0.5139086086205825,"{'branching': ['V1.8'], 'leaves': [{0: 0.0, 1: 1.0}, {0: 1.0, 1: 0.0}]}"
3,0.5,0.35,1,log,linear,93.41694843558194,0.6902,0.5139086086205825,"{'branching': ['V1.8'], 'leaves': [{0: 0.0, 1: 1.0}, {0: 1.0, 1: 0.0}]}"
3,0.5,0.35,1,log,lasso,93.41694843558194,0.6902,0.5139086086205825,"{'branching': ['V1.8'], 'leaves': [{0: 0.0, 1: 1.0}, {0: 1.0, 1: 0.0}]}"
3,0.5,0.36,1,tree,linear,93.41694843558194,0.6902,0.5139086086205825,"{'branching': ['V1.8'], 'leaves': [{0: 0.0, 1: 1.0}, {0: 1.0, 1: 0.0}]}"
3,0.5,0.36,1,tree,lasso,93.41694843558194,0.6902,0.5139086086205825,"{'branching': ['V1.8'], 'leaves': [{0: 0.0, 1: 1.0}, {0: 1.0, 1: 0.0}]}"
3,0.5,0.36,1,log,linear,93.41694843558194,0.6902,0.5139086086205825,"{'branching': ['V1.8'], 'leaves': [{0: 0.0, 1: 1.0}, {0: 1.0, 1: 0.0}]}"
3,0.5,0.36,1,log,lasso,93.41694843558194,0.6902,0.5139086086205825,"{'branching': ['V1.8'], 'leaves': [{0: 0.0, 1: 1.0}, {0: 1.0, 1: 0.0}]}"
3,0.5,0.37,1,tree,linear,93.41694843558194,0.6902,0.5139086086205825,"{'branching': ['V1.8'], 'leaves': [{0: 0.0, 1: 1.0}, {0: 1.0, 1: 0.0}]}"
3,0.5,0.37,1,tree,lasso,93.41694843558194,0.6902,0.5139086086205825,"{'branching': ['V1.8'], 'leaves': [{0: 0.0, 1: 1.0}, {0: 1.0, 1: 0.0}]}"
3,0.5,0.37,1,log,linear,93.41694843558088,0.6902,0.5139086086205827,"{'branching': ['V1.8'], 'leaves': [{0: 0.0, 1: 1.0000000000000002}, {0: 1.0000000000000002, 1: 0.0}]}"
3,0.5,0.37,1,log,lasso,93.41694843558194,0.6902,0.5139086086205825,"{'branching': ['V1.8'], 'leaves': [{0: 0.0, 1: 1.0}, {0: 1.0, 1: 0.0}]}"
3,0.5,0.38,1,tree,linear,93.41694843558194,0.6902,0.5139086086205825,"{'branching': ['V1.8'], 'leaves': [{0: 0.0, 1: 1.0}, {0: 1.0, 1: 0.0}]}"
3,0.5,0.38,1,tree,lasso,93.41694843558194,0.6902,0.5139086086205825,"{'branching': ['V1.8'], 'leaves': [{0: 0.0, 1: 1.0}, {0: 1.0, 1: 0.0}]}"
3,0.5,0.38,1,log,linear,93.41694843558194,0.6902,0.5139086086205825,"{'branching': ['V1.8'], 'leaves': [{0: 0.0, 1: 1.0}, {0: 1.0, 1: 0.0}]}"
3,0.5,0.38,1,log,lasso,93.41694843558194,0.6902,0.5139086086205825,"{'branching': ['V1.8'], 'leaves': [{0: 0.0, 1: 1.0}, {0: 1.0, 1: 0.0}]}"
3,0.5,0.39,1,tree,linear,93.41694843558194,0.6902,0.5139086086205825,"{'branching': ['V1.8'], 'leaves': [{0: 0.0, 1: 1.0}, {0: 1.0, 1: 0.0}]}"
3,0.5,0.39,1,tree,lasso,93.41694843558194,0.6902,0.5139086086205825,"{'branching': ['V1.8'], 'leaves': [{0: 0.0, 1: 1.0}, {0: 1.0, 1: 0.0}]}"
3,0.5,0.39,1,log,linear,93.41694843558194,0.6902,0.5139086086205825,"{'branching': ['V1.8'], 'leaves': [{0: 0.0, 1: 1.0}, {0: 1.0, 1: 0.0}]}"
3,0.5,0.39,1,log,lasso,93.41694843558194,0.6902,0.5139086086205825,"{'branching': ['V1.8'], 'leaves': [{0: 0.0, 1: 1.0}, {0: 1.0, 1: 0.0}]}"
3,0.5,0.4,1,tree,linear,93.41694843558194,0.6902,0.5139086086205825,"{'branching': ['V1.8'], 'leaves': [{0: 0.0, 1: 1.0}, {0: 1.0, 1: 0.0}]}"
3,0.5,0.4,1,tree,lasso,93.41694843558194,0.6902,0.5139086086205825,"{'branching': ['V1.8'], 'leaves': [{0: 0.0, 1: 1.0}, {0: 1.0, 1: 0.0}]}"
3,0.5,0.4,1,log,linear,93.41694843558194,0.6902,0.5139086086205825,"{'branching': ['V1.8'], 'leaves': [{0: 0.0, 1: 1.0}, {0: 1.0, 1: 0.0}]}"
3,0.5,0.4,1,log,lasso,93.41694843558194,0.6902,0.5139086086205825,"{'branching': ['V1.8'], 'leaves': [{0: 0.0, 1: 1.0}, {0: 1.0, 1: 0.0}]}"
4,0.5,0.05,1,tree,linear,222.36104017975623,0.4701,0.5023937727443368,"{'branching': ['V1.9'], 'leaves': [{0: 0.5454545454545454, 1: 0.45454545454545453}, {0: 1.0, 1: 0.0}]}"
4,0.5,0.05,1,tree,lasso,222.36104017975623,0.4702,0.5023937727443368,"{'branching': ['V1.9'], 'leaves': [{0: 0.5454545454545454, 1: 0.4545454545454546}, {0: 1.0, 1: 0.0}]}"
4,0.5,0.05,1,log,linear,222.36104017975623,0.4712,0.5023937727443368,"{'branching': ['V1.9'], 'leaves': [{0: 0.5454545454545454, 1: 0.4545454545454546}, {0: 1.0, 1: 0.0}]}"
4,0.5,0.05,1,log,lasso,222.36104017975617,0.4692,0.5023937727443368,"{'branching': ['V1.9'], 'leaves': [{0: 0.545454545454545, 1: 0.45454545454545503}, {0: 1.0, 1: 0.0}]}"
4,0.5,0.06,1,tree,linear,213.8835481759892,0.4785,0.5032415219447134,"{'branching': ['V1.9'], 'leaves': [{0: 0.45454545454545453, 1: 0.5454545454545454}, {0: 1.0, 1: 0.0}]}"
4,0.5,0.06,1,tree,lasso,213.8835481759892,0.4777,0.5032415219447134,"{'branching': ['V1.9'], 'leaves': [{0: 0.4545454545454546, 1: 0.5454545454545454}, {0: 1.0, 1: 0.0}]}"
4,0.5,0.06,1,log,linear,213.8835481759892,0.4802,0.5032415219447134,"{'branching': ['V1.9'], 'leaves': [{0: 0.4545454545454546, 1: 0.5454545454545454}, {0: 1.0, 1: 0.0}]}"
4,0.5,0.06,1,log,lasso,213.8835481759892,0.4824,0.5032415219447134,"{'branching': ['V1.9'], 'leaves': [{0: 0.4545454545454546, 1: 0.5454545454545454}, {0: 1.0, 1: 0.0}]}"
4,0.5,0.07,1,tree,linear,205.4060561722228,0.4872,0.5040892711450904,"{'branching': ['V1.9'], 'leaves': [{0: 0.36363636363636365, 1: 0.6363636363636364}, {0: 0.9999999999999999, 1: 0.0}]}"
4,0.5,0.07,1,tree,lasso,205.4060561722221,0.4899,0.5040892711450905,"{'branching': ['V1.9'], 'leaves': [{0: 0.36363636363636387, 1: 0.6363636363636361}, {0: 1.0, 1: 0.0}]}"
4,0.5,0.07,1,log,linear,205.40605617222215,0.4859,0.5040892711450905,"{'branching': ['V1.9'], 'leaves': [{0: 0.36363636363636365, 1: 0.6363636363636362}, {0: 1.0, 1: 0.0}]}"
4,0.5,0.07,1,log,lasso,205.4060561722211,0.4884,0.5040892711450906,"{'branching': ['V1.9'], 'leaves': [{0: 0.3636363636363641, 1: 0.6363636363636359}, {0: 1.0, 1: 2.498001805406602e-16}]}"
4,0.5,0.08,1,tree,linear,196.92856416845504,0.5004,0.5049370203454667,"{'branching': ['V1.9'], 'leaves': [{0: 0.2727272727272727, 1: 0.7272727272727273}, {0: 1.0, 1: 0.0}]}"
4,0.5,0.08,1,tree,lasso,196.92856416845507,0.5001,0.5049370203454667,"{'branching': ['V1.9'], 'leaves': [{0: 0.27272727272727343, 1: 0.7272727272727266}, {0: 0.9999999999999996, 1: 4.440892098500626e-16}]}"
4,0.5,0.08,1,log,linear,196.92856416845504,0.5011,0.5049370203454667,"{'branching': ['V1.9'], 'leaves': [{0: 0.2727272727272727, 1: 0.7272727272727273}, {0: 1.0, 1: 0.0}]}"
4,0.5,0.08,1,log,lasso,196.92856416845504,0.5004,0.5049370203454667,"{'branching': ['V1.9'], 'leaves': [{0: 0.2727272727272727, 1: 0.7272727272727273}, {0: 1.0, 1: 0.0}]}"
4,0.5,0.09,1,tree,linear,188.451072164688,0.5111,0.5057847695458436,"{'branching': ['V1.9'], 'leaves': [{0: 0.18181818181818182, 1: 0.8181818181818182}, {0: 1.0, 1: 0.0}]}"
4,0.5,0.09,1,tree,lasso,188.45107216468767,0.5099,0.5057847695458436,"{'branching': ['V1.9'], 'leaves': [{0: 0.181818181818182, 1: 0.8181818181818185}, {0: 1.0, 1: 0.0}]}"
4,0.5,0.09,1,log,linear,188.451072164688,0.509,0.5057847695458436,"{'branching': ['V1.9'], 'leaves': [{0: 0.18181818181818182, 1: 0.8181818181818181}, {0: 1.0, 1: 0.0}]}"
4,0.5,0.09,1,log,lasso,188.4510721646879,0.5089,0.5057847695458436,"{'branching': ['V1.9'], 'leaves': [{0: 0.181818181818181, 1: 0.818181818181819}, {0: 1.0, 1: 0.0}]}"
4,0.5,0.1,1,tree,linear,179.97358016092096,0.5194,0.5066325187462212,"{'branching': ['V1.9'], 'leaves': [{0: 0.09090909090909091, 1: 0.9090909090909091}, {0: 1.0, 1: 0.0}]}"
4,0.5,0.1,1,tree,lasso,179.97358016092096,0.5179,0.5066325187462212,"{'branching': ['V1.9'], 'leaves': [{0: 0.09090909090909091, 1: 0.9090909090909091}, {0: 1.0, 1: 0.0}]}"
4,0.5,0.1,1,log,linear,179.9735801609209,0.5161,0.5066325187462212,"{'branching': ['V1.9'], 'leaves': [{0: 0.09090909090909088, 1: 0.9090909090909092}, {0: 1.0, 1: 0.0}]}"
4,0.5,0.1,1,log,lasso,179.97358016092102,0.5187,0.5066325187462212,"{'branching': ['V1.9'], 'leaves': [{0: 0.09090909090909013, 1: 0.9090909090909096}, {0: 1.0, 1: 0.0}]}"
4,0.5,0.11,1,tree,linear,171.49608815715388,0.5279,0.5074802679465963,"{'branching': ['V1.9'], 'leaves': [{0: 0.0, 1: 1.0}, {0: 1.0, 1: 0.0}]}"
4,0.5,0.11,1,tree,lasso,171.49608815715388,0.5279,0.5074802679465963,"{'branching': ['V1.9'], 'leaves': [{0: 2.0816681711721685e-17, 1: 1.0}, {0: 1.0, 1: 0.0}]}"
4,0.5,0.11,1,log,linear,171.49608815715388,0.5279,0.5074802679465963,"{'branching': ['V1.9'], 'leaves': [{0: 0.0, 1: 1.0}, {0: 1.0, 1: 0.0}]}"
4,0.5,0.11,1,log,lasso,171.49608815715578,0.5279,0.5074802679465961,"{'branching': ['V1.9'], 'leaves': [{0: 2.1229087670161457e-16, 1: 0.9999999999999999}, {0: 0.9999999999999996, 1: 0.0}]}"
4,0.5,0.12,1,tree,linear,171.49608815715388,0.5279,0.5074802679465963,"{'branching': ['V1.9'], 'leaves': [{0: 0.0, 1: 1.0}, {0: 1.0, 1: 0.0}]}"
4,0.5,0.12,1,tree,lasso,171.49608815715388,0.5279,0.5074802679465963,"{'branching': ['V1.9'], 'leaves': [{0: 0.0, 1: 1.0}, {0: 1.0, 1: 0.0}]}"
4,0.5,0.12,1,log,linear,171.49608815715388,0.5279,0.5074802679465963,"{'branching': ['V1.9'], 'leaves': [{0: 0.0, 1: 1.0}, {0: 1.0, 1: 0.0}]}"
4,0.5,0.12,1,log,lasso,171.49608815715388,0.5279,0.5074802679465963,"{'branching': ['V1.9'], 'leaves': [{0: 0.0, 1: 1.0}, {0: 1.0, 1: 0.0}]}"
4,0.5,0.13,1,tree,linear,171.49608815715388,0.5279,0.5074802679465963,"{'branching': ['V1.9'], 'leaves': [{0: 0.0, 1: 1.0}, {0: 1.0, 1: 0.0}]}"
4,0.5,0.13,1,tree,lasso,171.49608815715388,0.5279,0.5074802679465963,"{'branching': ['V1.9'], 'leaves': [{0: 0.0, 1: 1.0}, {0: 1.0, 1: 0.0}]}"
4,0.5,0.13,1,log,linear,171.49608815715388,0.5279,0.5074802679465963,"{'branching': ['V1.9'], 'leaves': [{0: 0.0, 1: 1.0}, {0: 1.0, 1: 0.0}]}"
4,0.5,0.13,1,log,lasso,171.49608815715388,0.5279,0.5074802679465963,"{'branching': ['V1.9'], 'leaves': [{0: 0.0, 1: 1.0}, {0: 1.0, 1: 0.0}]}"
4,0.5,0.14,1,tree,linear,171.49608815715388,0.5279,0.5074802679465963,"{'branching': ['V1.9'], 'leaves': [{0: 0.0, 1: 1.0}, {0: 1.0, 1: 0.0}]}"
4,0.5,0.14,1,tree,lasso,171.49608815715388,0.5279,0.5074802679465963,"{'branching': ['V1.9'], 'leaves': [{0: 0.0, 1: 1.0}, {0: 1.0, 1: 0.0}]}"
4,0.5,0.14,1,log,linear,171.49608815715388,0.5279,0.5074802679465963,"{'branching': ['V1.9'], 'leaves': [{0: 0.0, 1: 1.0}, {0: 1.0, 1: 0.0}]}"
4,0.5,0.14,1,log,lasso,171.49608815715388,0.5279,0.5074802679465963,"{'branching': ['V1.9'], 'leaves': [{0: 0.0, 1: 1.0}, {0: 1.0, 1: 0.0}]}"
4,0.5,0.15,1,tree,linear,171.49608815715388,0.5279,0.5074802679465963,"{'branching': ['V1.9'], 'leaves': [{0: 0.0, 1: 1.0}, {0: 1.0, 1: 0.0}]}"
4,0.5,0.15,1,tree,lasso,171.49608815715388,0.5279,0.5074802679465963,"{'branching': ['V1.9'], 'leaves': [{0: 0.0, 1: 1.0}, {0: 1.0, 1: 0.0}]}"
4,0.5,0.15,1,log,linear,171.49608815715388,0.5279,0.5074802679465963,"{'branching': ['V1.9'], 'leaves': [{0: 0.0, 1: 1.0}, {0: 1.0, 1: 0.0}]}"
4,0.5,0.15,1,log,lasso,171.49608815715388,0.5279,0.5074802679465963,"{'branching': ['V1.9'], 'leaves': [{0: 0.0, 1: 1.0}, {0: 1.0, 1: 0.0}]}"
4,0.5,0.16,1,tree,linear,171.49608815715388,0.5279,0.5074802679465963,"{'branching': ['V1.9'], 'leaves': [{0: 0.0, 1: 1.0}, {0: 1.0, 1: 0.0}]}"
4,0.5,0.16,1,tree,lasso,171.49608815715388,0.5279,0.5074802679465963,"{'branching': ['V1.9'], 'leaves': [{0: 0.0, 1: 1.0}, {0: 1.0, 1: 0.0}]}"
4,0.5,0.16,1,log,linear,171.49608815715388,0.5279,0.5074802679465963,"{'branching': ['V1.9'], 'leaves': [{0: 0.0, 1: 1.0}, {0: 1.0, 1: 0.0}]}"
4,0.5,0.16,1,log,lasso,171.49608815715388,0.5279,0.5074802679465963,"{'branching': ['V1.9'], 'leaves': [{0: 0.0, 1: 1.0}, {0: 1.0, 1: 0.0}]}"
4,0.5,0.17,1,tree,linear,171.49608815715388,0.5279,0.5074802679465963,"{'branching': ['V1.9'], 'leaves': [{0: 0.0, 1: 1.0}, {0: 1.0, 1: 0.0}]}"
4,0.5,0.17,1,tree,lasso,137.81790373406704,0.5933,0.5108480863889042,"{'branching': ['V1.8'], 'leaves': [{0: 0.17475728155339776, 1: 0.8252427184466021}, {0: 1.0000000000000002, 1: 0.0}]}"
4,0.5,0.17,1,log,linear,171.49608815715388,0.5279,0.5074802679465963,"{'branching': ['V1.9'], 'leaves': [{0: 0.0, 1: 1.0}, {0: 1.0, 1: 0.0}]}"
4,0.5,0.17,1,log,lasso,159.12897826231082,0.5823,0.5087169789360823,"{'branching': ['V1.7'], 'leaves': [{0: 0.44805194805194803, 1: 0.551948051948052}, {0: 1.0, 1: 0.0}]}"
4,0.5,0.18,1,tree,linear,130.35139805968393,0.6023,0.511594736956343,"{'branching': ['V1.8'], 'leaves': [{0: 0.1262135922330097, 1: 0.8737864077669903}, {0: 1.0, 1: 0.0}]}"
4,0.5,0.18,1,tree,lasso,130.35139805968393,0.6043,0.511594736956343,"{'branching': ['V1.8'], 'leaves': [{0: 0.1262135922330097, 1: 0.8737864077669903}, {0: 1.0, 1: 0.0}]}"
4,0.5,0.18,1,log,linear,130.35139805968393,0.6024,0.511594736956343,"{'branching': ['V1.8'], 'leaves': [{0: 0.1262135922330097, 1: 0.8737864077669903}, {0: 1.0, 1: 0.0}]}"
4,0.5,0.18,1,log,lasso,152.9160652072355,0.5847,0.509338270241589,"{'branching': ['V1.7'], 'leaves': [{0: 0.4155844155844156, 1: 0.5844155844155844}, {0: 1.0, 1: 0.0}]}"
4,0.5,0.19,1,tree,linear,122.8848923853002,0.6099,0.5123413875237819,"{'branching': ['V1.8'], 'leaves': [{0: 0.07766990291262137, 1: 0.9223300970873787}, {0: 1.0, 1: 0.0}]}"
4,0.5,0.19,1,tree,lasso,122.88489238530047,0.6112,0.5123413875237819,"{'branching': ['V1.8'], 'leaves': [{0: 0.07766990291262302, 1: 0.922330097087377}, {0: 1.0, 1: 0.0}]}"
4,0.5,0.19,1,log,linear,122.88489238530022,0.613,0.5123413875237819,"{'branching': ['V1.8'], 'leaves': [{0: 0.07766990291262135, 1: 0.9223300970873787}, {0: 1.0, 1: 0.0}]}"
4,0.5,0.19,1,log,lasso,146.70315215216027,0.6004,0.5099595615470962,"{'branching': ['V1.7'], 'leaves': [{0: 0.38311688311688313, 1: 0.6168831168831168}, {0: 1.0, 1: 0.0}]}"
4,0.5,0.2,1,tree,linear,115.4183867109165,0.6223,0.5130880380912196,"{'branching': ['V1.8'], 'leaves': [{0: 0.029126213592232997, 1: 0.970873786407767}, {0: 1.0, 1: 0.0}]}"
4,0.5,0.2,1,tree,lasso,115.4183867109165,0.6215,0.5130880380912196,"{'branching': ['V1.8'], 'leaves': [{0: 0.029126213592233004, 1: 0.970873786407767}, {0: 1.0, 1: 0.0}]}"
4,0.5,0.2,1,log,linear,115.4183867109165,0.6212,0.5130880380912196,"{'branching': ['V1.8'], 'leaves': [{0: 0.029126213592232997, 1: 0.970873786407767}, {0: 1.0, 1: 0.0}]}"
4,0.5,0.2,1,log,lasso,140.49023909708484,0.6106,0.5105808528526034,"{'branching': ['V1.7'], 'leaves': [{0: 0.35064935064935066, 1: 0.6493506493506493}, {0: 1.0, 1: 0.0}]}"
4,0.5,0.21,1,tree,linear,110.93848330628626,0.6272,0.5135360284316813,"{'branching': ['V1.8'], 'leaves': [{0: 0.0, 1: 1.0}, {0: 1.0, 1: 0.0}]}"
4,0.5,0.21,1,tree,lasso,110.93848330628626,0.6272,0.5135360284316813,"{'branching': ['V1.8'], 'leaves': [{0: 0.0, 1: 1.0}, {0: 1.0, 1: 0.0}]}"
4,0.5,0.21,1,log,linear,110.93848330628626,0.6272,0.5135360284316813,"{'branching': ['V1.8'], 'leaves': [{0: 0.0, 1: 1.0}, {0: 1.0, 1: 0.0}]}"
4,0.5,0.21,1,log,lasso,134.27732604200972,0.6151,0.5112021441581113,"{'branching': ['V1.7'], 'leaves': [{0: 0.31818181818181823, 1: 0.6818181818181817}, {0: 1.0, 1: 0.0}]}"
4,0.5,0.22,1,tree,linear,110.93848330628626,0.6272,0.5135360284316813,"{'branching': ['V1.8'], 'leaves': [{0: 0.0, 1: 1.0}, {0: 1.0, 1: 0.0}]}"
4,0.5,0.22,1,tree,lasso,110.93848330628626,0.6272,0.5135360284316813,"{'branching': ['V1.8'], 'leaves': [{0: 0.0, 1: 1.0}, {0: 1.0, 1: 0.0}]}"
4,0.5,0.22,1,log,linear,110.93848330628626,0.6272,0.5135360284316813,"{'branching': ['V1.8'], 'leaves': [{0: 0.0, 1: 1.0}, {0: 1.0, 1: 0.0}]}"
4,0.5,0.22,1,log,lasso,128.06441298693417,0.6276,0.5118234354636193,"{'branching': ['V1.7'], 'leaves': [{0: 0.2857142857142857, 1: 0.7142857142857143}, {0: 1.0, 1: 0.0}]}"
4,0.5,0.23,1,tree,linear,110.93848330628626,0.6272,0.5135360284316813,"{'branching': ['V1.8'], 'leaves': [{0: 0.0, 1: 1.0}, {0: 1.0, 1: 0.0}]}"
4,0.5,0.23,1,tree,lasso,110.93848330628626,0.6272,0.5135360284316813,"{'branching': ['V1.8'], 'leaves': [{0: 0.0, 1: 1.0}, {0: 1.0, 1: 0.0}]}"
4,0.5,0.23,1,log,linear,110.93848330628626,0.6272,0.5135360284316813,"{'branching': ['V1.8'], 'leaves': [{0: 0.0, 1: 1.0}, {0: 1.0, 1: 0.0}]}"
4,0.5,0.23,1,log,lasso,121.85149993185884,0.638,0.5124447267691258,"{'branching': ['V1.7'], 'leaves': [{0: 0.2532467532467533, 1: 0.7467532467532467}, {0: 1.0, 1: 0.0}]}"
4,0.5,0.24,1,tree,linear,110.93848330628626,0.6272,0.5135360284316813,"{'branching': ['V1.8'], 'leaves': [{0: 0.0, 1: 1.0}, {0: 1.0, 1: 0.0}]}"
4,0.5,0.24,1,tree,lasso,115.6385868767835,0.6434,0.5130660180746339,"{'branching': ['V1.7'], 'leaves': [{0: 0.22077922077922074, 1: 0.7792207792207793}, {0: 1.0, 1: 0.0}]}"
4,0.5,0.24,1,log,linear,110.93848330628626,0.6272,0.5135360284316813,"{'branching': ['V1.8'], 'leaves': [{0: 0.0, 1: 1.0}, {0: 1.0, 1: 0.0}]}"
4,0.5,0.24,1,log,lasso,115.63858687678348,0.6479,0.5130660180746339,"{'branching': ['V1.7'], 'leaves': [{0: 0.22077922077922077, 1: 0.7792207792207793}, {0: 1.0, 1: 0.0}]}"
4,0.5,0.25,1,tree,linear,110.93848330628626,0.6272,0.5135360284316813,"{'branching': ['V1.8'], 'leaves': [{0: 0.0, 1: 1.0}, {0: 1.0, 1: 0.0}]}"
4,0.5,0.25,1,tree,lasso,109.4256738217082,0.6513,0.51368730938014,"{'branching': ['V1.7'], 'leaves': [{0: 0.18831168831168832, 1: 0.8116883116883117}, {0: 1.0, 1: 0.0}]}"
4,0.5,0.25,1,log,linear,110.93848330628626,0.6272,0.5135360284316813,"{'branching': ['V1.8'], 'leaves': [{0: 0.0, 1: 1.0}, {0: 1.0, 1: 0.0}]}"
4,0.5,0.25,1,log,lasso,109.4256738217087,0.6585,0.5136873093801398,"{'branching': ['V1.7'], 'leaves': [{0: 0.18831168831168837, 1: 0.8116883116883113}, {0: 1.0, 1: 0.0}]}"
4,0.5,0.26,1,tree,linear,110.93848330628626,0.6272,0.5135360284316813,"{'branching': ['V1.8'], 'leaves': [{0: 0.0, 1: 1.0}, {0: 1.0, 1: 0.0}]}"
4,0.5,0.26,1,tree,lasso,103.21276076663284,0.6626,0.5143086006856479,"{'branching': ['V1.7'], 'leaves': [{0: 0.1558441558441559, 1: 0.8441558441558441}, {0: 1.0, 1: 0.0}]}"
4,0.5,0.26,1,log,linear,110.93848330628626,0.6272,0.5135360284316813,"{'branching': ['V1.8'], 'leaves': [{0: 0.0, 1: 1.0}, {0: 1.0, 1: 0.0}]}"
4,0.5,0.26,1,log,lasso,103.21276076663288,0.6594,0.5143086006856479,"{'branching': ['V1.7'], 'leaves': [{0: 0.15584415584415576, 1: 0.8441558441558442}, {0: 1.0, 1: 0.0}]}"
4,0.5,0.27,1,tree,linear,110.93848330628626,0.6272,0.5135360284316813,"{'branching': ['V1.8'], 'leaves': [{0: 0.0, 1: 1.0}, {0: 1.0, 1: 0.0}]}"
4,0.5,0.27,1,tree,lasso,96.99984771155748,0.6745,0.5149298919911568,"{'branching': ['V1.7'], 'leaves': [{0: 0.12337662337662338, 1: 0.8766233766233766}, {0: 1.0, 1: 0.0}]}"
4,0.5,0.27,1,log,linear,110.93848330628626,0.6272,0.5135360284316813,"{'branching': ['V1.8'], 'leaves': [{0: 0.0, 1: 1.0}, {0: 1.0, 1: 0.0}]}"
4,0.5,0.27,1,log,lasso,96.99984771155748,0.6744,0.5149298919911568,"{'branching': ['V1.7'], 'leaves': [{0: 0.12337662337662339, 1: 0.8766233766233766}, {0: 1.0, 1: 0.0}]}"
4,0.5,0.28,1,tree,linear,110.93848330628626,0.6272,0.5135360284316813,"{'branching': ['V1.8'], 'leaves': [{0: 0.0, 1: 1.0}, {0: 1.0, 1: 0.0}]}"
4,0.5,0.28,1,tree,lasso,90.78693465648225,0.6826,0.5155511832966648,"{'branching': ['V1.7'], 'leaves': [{0: 0.09090909090909091, 1: 0.9090909090909091}, {0: 1.0, 1: 0.0}]}"
4,0.5,0.28,1,log,linear,110.93848330628607,0.6272,0.5135360284316813,"{'branching': ['V1.8'], 'leaves': [{0: 1.1102230246251585e-16, 1: 1.0}, {0: 1.0, 1: 0.0}]}"
4,0.5,0.28,1,log,lasso,90.78693465648216,0.6801,0.5155511832966649,"{'branching': ['V1.7'], 'leaves': [{0: 0.09090909090909084, 1: 0.9090909090909092}, {0: 1.0, 1: 0.0}]}"
4,0.5,0.29,1,tree,linear,110.93848330628626,0.6272,0.5135360284316813,"{'branching': ['V1.8'], 'leaves': [{0: 0.0, 1: 1.0}, {0: 1.0, 1: 0.0}]}"
4,0.5,0.29,1,tree,lasso,84.57402160140677,0.69,0.5161724746021715,"{'branching': ['V1.7'], 'leaves': [{0: 0.05844155844155846, 1: 0.9415584415584416}, {0: 1.0, 1: 0.0}]}"
4,0.5,0.29,1,log,linear,110.93848330628626,0.6272,0.5135360284316813,"{'branching': ['V1.8'], 'leaves': [{0: 0.0, 1: 1.0}, {0: 1.0, 1: 0.0}]}"
4,0.5,0.29,1,log,lasso,84.57402160140678,0.6917,0.5161724746021715,"{'branching': ['V1.7'], 'leaves': [{0: 0.05844155844155845, 1: 0.9415584415584416}, {0: 1.0, 1: 0.0}]}"
4,0.5,0.3,1,tree,linear,110.93848330628626,0.6272,0.5135360284316813,"{'branching': ['V1.8'], 'leaves': [{0: 0.0, 1: 1.0}, {0: 1.0, 1: 0.0}]}"
4,0.5,0.3,1,tree,lasso,78.36110854633155,0.7002,0.5167937659076781,"{'branching': ['V1.7'], 'leaves': [{0: 0.025974025974025976, 1: 0.974025974025974}, {0: 1.0, 1: 0.0}]}"
4,0.5,0.3,1,log,linear,110.93848330628626,0.6272,0.5135360284316813,"{'branching': ['V1.8'], 'leaves': [{0: 0.0, 1: 1.0}, {0: 1.0, 1: 0.0}]}"
4,0.5,0.3,1,log,lasso,78.36110854633155,0.7004,0.5167937659076781,"{'branching': ['V1.7'], 'leaves': [{0: 0.025974025974025976, 1: 0.974025974025974}, {0: 1.0, 1: 0.0}]}"
4,0.5,0.31,1,tree,linear,110.93848330628626,0.6272,0.5135360284316813,"{'branching': ['V1.8'], 'leaves': [{0: 0.0, 1: 1.0}, {0: 1.0, 1: 0.0}]}"
4,0.5,0.31,1,tree,lasso,73.39077810227127,0.7076,0.5172907989520822,"{'branching': ['V1.7'], 'leaves': [{0: 0.0, 1: 1.0}, {0: 1.0, 1: 0.0}]}"
4,0.5,0.31,1,log,linear,110.93848330628626,0.6272,0.5135360284316813,"{'branching': ['V1.8'], 'leaves': [{0: 0.0, 1: 1.0}, {0: 1.0, 1: 0.0}]}"
4,0.5,0.31,1,log,lasso,73.39077810227127,0.7076,0.5172907989520822,"{'branching': ['V1.7'], 'leaves': [{0: 0.0, 1: 1.0}, {0: 1.0, 1: 0.0}]}"
4,0.5,0.32,1,tree,linear,110.93848330628626,0.6272,0.5135360284316813,"{'branching': ['V1.8'], 'leaves': [{0: 0.0, 1: 1.0}, {0: 1.0, 1: 0.0}]}"
4,0.5,0.32,1,tree,lasso,73.39077810227127,0.7076,0.5172907989520822,"{'branching': ['V1.7'], 'leaves': [{0: 0.0, 1: 1.0}, {0: 1.0, 1: 0.0}]}"
4,0.5,0.32,1,log,linear,110.93848330628626,0.6272,0.5135360284316813,"{'branching': ['V1.8'], 'leaves': [{0: 0.0, 1: 1.0}, {0: 1.0, 1: 0.0}]}"
4,0.5,0.32,1,log,lasso,73.39077810227127,0.7076,0.5172907989520822,"{'branching': ['V1.7'], 'leaves': [{0: 0.0, 1: 1.0}, {0: 1.0, 1: 0.0}]}"
4,0.5,0.33,1,tree,linear,110.93848330628626,0.6272,0.5135360284316813,"{'branching': ['V1.8'], 'leaves': [{0: 0.0, 1: 1.0}, {0: 1.0, 1: 0.0}]}"
4,0.5,0.33,1,tree,lasso,73.39077810227127,0.7076,0.5172907989520822,"{'branching': ['V1.7'], 'leaves': [{0: 0.0, 1: 1.0}, {0: 1.0, 1: 0.0}]}"
4,0.5,0.33,1,log,linear,110.93848330628624,0.6272,0.5135360284316813,"{'branching': ['V1.8'], 'leaves': [{0: 0.0, 1: 1.0}, {0: 1.0, 1: 5.551115123125783e-17}]}"
4,0.5,0.33,1,log,lasso,73.39077810227127,0.7076,0.5172907989520822,"{'branching': ['V1.7'], 'leaves': [{0: 0.0, 1: 1.0}, {0: 1.0, 1: 0.0}]}"
4,0.5,0.34,1,tree,linear,110.93848330628626,0.6272,0.5135360284316813,"{'branching': ['V1.8'], 'leaves': [{0: 0.0, 1: 1.0}, {0: 1.0, 1: 0.0}]}"
4,0.5,0.34,1,tree,lasso,73.39077810227127,0.7076,0.5172907989520822,"{'branching': ['V1.7'], 'leaves': [{0: 0.0, 1: 1.0}, {0: 1.0, 1: 0.0}]}"
4,0.5,0.34,1,log,linear,110.93848330628626,0.6272,0.5135360284316813,"{'branching': ['V1.8'], 'leaves': [{0: 0.0, 1: 1.0}, {0: 1.0, 1: 0.0}]}"
4,0.5,0.34,1,log,lasso,73.39077810227127,0.7076,0.5172907989520822,"{'branching': ['V1.7'], 'leaves': [{0: 0.0, 1: 1.0}, {0: 1.0, 1: 0.0}]}"
4,0.5,0.35,1,tree,linear,110.93848330628626,0.6272,0.5135360284316813,"{'branching': ['V1.8'], 'leaves': [{0: 0.0, 1: 1.0}, {0: 1.0, 1: 0.0}]}"
4,0.5,0.35,1,tree,lasso,73.39077810227127,0.7076,0.5172907989520822,"{'branching': ['V1.7'], 'leaves': [{0: 0.0, 1: 1.0}, {0: 1.0, 1: 0.0}]}"
4,0.5,0.35,1,log,linear,110.93848330628626,0.6272,0.5135360284316813,"{'branching': ['V1.8'], 'leaves': [{0: 0.0, 1: 1.0}, {0: 1.0, 1: 0.0}]}"
4,0.5,0.35,1,log,lasso,73.39077810227127,0.7076,0.5172907989520822,"{'branching': ['V1.7'], 'leaves': [{0: 0.0, 1: 1.0}, {0: 1.0, 1: 0.0}]}"
4,0.5,0.36,1,tree,linear,110.93848330628626,0.6272,0.5135360284316813,"{'branching': ['V1.8'], 'leaves': [{0: 0.0, 1: 1.0}, {0: 1.0, 1: 0.0}]}"
4,0.5,0.36,1,tree,lasso,73.39077810227127,0.7076,0.5172907989520822,"{'branching': ['V1.7'], 'leaves': [{0: 0.0, 1: 1.0}, {0: 1.0, 1: 0.0}]}"
4,0.5,0.36,1,log,linear,110.93848330628626,0.6272,0.5135360284316813,"{'branching': ['V1.8'], 'leaves': [{0: 0.0, 1: 1.0}, {0: 1.0, 1: 0.0}]}"
4,0.5,0.36,1,log,lasso,73.39077810227127,0.7076,0.5172907989520822,"{'branching': ['V1.7'], 'leaves': [{0: 0.0, 1: 1.0}, {0: 1.0, 1: 0.0}]}"
4,0.5,0.37,1,tree,linear,110.93848330628626,0.6272,0.5135360284316813,"{'branching': ['V1.8'], 'leaves': [{0: 0.0, 1: 1.0}, {0: 1.0, 1: 0.0}]}"
4,0.5,0.37,1,tree,lasso,73.39077810227127,0.7076,0.5172907989520822,"{'branching': ['V1.7'], 'leaves': [{0: 0.0, 1: 1.0}, {0: 1.0, 1: 0.0}]}"
4,0.5,0.37,1,log,linear,110.93848330628708,0.6272,0.5135360284316812,"{'branching': ['V1.8'], 'leaves': [{0: 0.0, 1: 1.0}, {0: 0.9999999999999998, 1: 0.0}]}"
4,0.5,0.37,1,log,lasso,73.39077810227127,0.7076,0.5172907989520822,"{'branching': ['V1.7'], 'leaves': [{0: 0.0, 1: 1.0}, {0: 1.0, 1: 0.0}]}"
4,0.5,0.38,1,tree,linear,110.93848330628626,0.6272,0.5135360284316813,"{'branching': ['V1.8'], 'leaves': [{0: 0.0, 1: 1.0}, {0: 1.0, 1: 0.0}]}"
4,0.5,0.38,1,tree,lasso,73.39077810227127,0.7076,0.5172907989520822,"{'branching': ['V1.7'], 'leaves': [{0: 0.0, 1: 1.0}, {0: 1.0, 1: 0.0}]}"
4,0.5,0.38,1,log,linear,110.93848330628626,0.6272,0.5135360284316813,"{'branching': ['V1.8'], 'leaves': [{0: 0.0, 1: 1.0}, {0: 1.0, 1: 0.0}]}"
4,0.5,0.38,1,log,lasso,73.39077810227127,0.7076,0.5172907989520822,"{'branching': ['V1.7'], 'leaves': [{0: 0.0, 1: 1.0}, {0: 1.0, 1: 0.0}]}"
4,0.5,0.39,1,tree,linear,110.93848330628626,0.6272,0.5135360284316813,"{'branching': ['V1.8'], 'leaves': [{0: 0.0, 1: 1.0}, {0: 1.0, 1: 0.0}]}"
4,0.5,0.39,1,tree,lasso,73.39077810227127,0.7076,0.5172907989520822,"{'branching': ['V1.7'], 'leaves': [{0: 0.0, 1: 1.0}, {0: 1.0, 1: 0.0}]}"
4,0.5,0.39,1,log,linear,110.93848330628626,0.6272,0.5135360284316813,"{'branching': ['V1.8'], 'leaves': [{0: 0.0, 1: 1.0}, {0: 1.0, 1: 0.0}]}"
4,0.5,0.39,1,log,lasso,73.39077810227127,0.7076,0.5172907989520822,"{'branching': ['V1.7'], 'leaves': [{0: 0.0, 1: 1.0}, {0: 1.0, 1: 0.0}]}"
4,0.5,0.4,1,tree,linear,110.93848330628626,0.6272,0.5135360284316813,"{'branching': ['V1.8'], 'leaves': [{0: 0.0, 1: 1.0}, {0: 1.0, 1: 0.0}]}"
4,0.5,0.4,1,tree,lasso,73.39077810227127,0.7076,0.5172907989520822,"{'branching': ['V1.7'], 'leaves': [{0: 0.0, 1: 1.0}, {0: 1.0, 1: 0.0}]}"
4,0.5,0.4,1,log,linear,110.93848330628626,0.6272,0.5135360284316813,"{'branching': ['V1.8'], 'leaves': [{0: 0.0, 1: 1.0}, {0: 1.0, 1: 0.0}]}"
4,0.5,0.4,1,log,lasso,73.39077810227127,0.7076,0.5172907989520822,"{'branching': ['V1.7'], 'leaves': [{0: 0.0, 1: 1.0}, {0: 1.0, 1: 0.0}]}"
5,0.5,0.05,1,tree,linear,96.66755775323168,0.7055,0.5025302843613653,"{'branching': ['V1.9'], 'leaves': [{0: 0.5192307692307695, 1: 0.4807692307692305}, {0: 1.0, 1: 0.0}]}"
5,0.5,0.05,1,tree,lasso,96.6675577532324,0.7055,0.5025302843613652,"{'branching': ['V1.9'], 'leaves': [{0: 0.5192307692307695, 1: 0.4807692307692305}, {0: 0.9999999999999999, 1: 5.551115123125783e-17}]}"
5,0.5,0.05,1,log,linear,96.66755775323166,0.706,0.5025302843613653,"{'branching': ['V1.9'], 'leaves': [{0: 0.5192307692307693, 1: 0.4807692307692307}, {0: 1.0, 1: 0.0}]}"
5,0.5,0.05,1,log,lasso,96.66755775323163,0.7014,0.5025302843613653,"{'branching': ['V1.9'], 'leaves': [{0: 0.5192307692307692, 1: 0.48076923076923084}, {0: 1.0, 1: 0.0}]}"
5,0.5,0.06,1,tree,linear,90.25400200485096,0.7125,0.5031716399362024,"{'branching': ['V1.9'], 'leaves': [{0: 0.4230769230769231, 1: 0.5769230769230769}, {0: 1.0, 1: 0.0}]}"
5,0.5,0.06,1,tree,lasso,90.25400200485085,0.7137,0.5031716399362024,"{'branching': ['V1.9'], 'leaves': [{0: 0.42307692307692296, 1: 0.5769230769230772}, {0: 1.0, 1: 0.0}]}"
5,0.5,0.06,1,log,linear,90.25400200485092,0.7132,0.5031716399362024,"{'branching': ['V1.9'], 'leaves': [{0: 0.423076923076923, 1: 0.576923076923077}, {0: 1.0, 1: 0.0}]}"
5,0.5,0.06,1,log,lasso,90.25400200485096,0.711,0.5031716399362024,"{'branching': ['V1.9'], 'leaves': [{0: 0.4230769230769231, 1: 0.5769230769230769}, {0: 1.0, 1: 0.0}]}"
5,0.5,0.07,1,tree,linear,83.84044625647019,0.7244,0.5038129955110412,"{'branching': ['V1.9'], 'leaves': [{0: 0.3269230769230769, 1: 0.6730769230769231}, {0: 1.0, 1: 0.0}]}"
5,0.5,0.07,1,tree,lasso,83.84044625647105,0.723,0.5038129955110411,"{'branching': ['V1.9'], 'leaves': [{0: 0.32692307692308376, 1: 0.6730769230769162}, {0: 0.9999999999999981, 1: 1.9290125052862095e-15}]}"
5,0.5,0.07,1,log,linear,83.84044625647022,0.7215,0.5038129955110412,"{'branching': ['V1.9'], 'leaves': [{0: 0.32692307692307687, 1: 0.6730769230769231}, {0: 1.0, 1: 0.0}]}"
5,0.5,0.07,1,log,lasso,83.84044625646366,0.7232,0.5038129955110421,"{'branching': ['V1.9'], 'leaves': [{0: 0.32692307692308287, 1: 0.6730769230769176}, {0: 1.0, 1: 1.609823385706477e-15}]}"
5,0.5,0.08,1,tree,linear,77.4268905080895,0.7329,0.5044543510858782,"{'branching': ['V1.9'], 'leaves': [{0: 0.23076923076923073, 1: 0.7692307692307693}, {0: 1.0, 1: 0.0}]}"
5,0.5,0.08,1,tree,lasso,77.42689050808954,0.7335,0.5044543510858782,"{'branching': ['V1.9'], 'leaves': [{0: 0.23076923076923078, 1: 0.7692307692307692}, {0: 1.0, 1: 0.0}]}"
5,0.5,0.08,1,log,linear,77.4268905080895,0.7348,0.5044543510858782,"{'branching': ['V1.9'], 'leaves': [{0: 0.23076923076923084, 1: 0.7692307692307692}, {0: 1.0, 1: 0.0}]}"
5,0.5,0.08,1,log,lasso,77.42689050808863,0.7311,0.5044543510858783,"{'branching': ['V1.9'], 'leaves': [{0: 0.23076923076923034, 1: 0.7692307692307696}, {0: 1.0, 1: 2.220446049250313e-16}]}"
5,0.5,0.09,1,tree,linear,71.01333475970877,0.744,0.5050957066607173,"{'branching': ['V1.9'], 'leaves': [{0: 0.1346153846153846, 1: 0.8653846153846154}, {0: 1.0, 1: 0.0}]}"
5,0.5,0.09,1,tree,lasso,71.01333475970877,0.7415,0.5050957066607173,"{'branching': ['V1.9'], 'leaves': [{0: 0.1346153846153846, 1: 0.8653846153846154}, {0: 1.0, 1: 0.0}]}"
5,0.5,0.09,1,log,linear,71.01333475970878,0.7442,0.5050957066607173,"{'branching': ['V1.9'], 'leaves': [{0: 0.1346153846153847, 1: 0.8653846153846153}, {0: 1.0, 1: 0.0}]}"
5,0.5,0.09,1,log,lasso,71.01333475970877,0.742,0.5050957066607173,"{'branching': ['V1.9'], 'leaves': [{0: 0.1346153846153846, 1: 0.8653846153846154}, {0: 1.0, 1: 0.0}]}"
5,0.5,0.1,1,tree,linear,64.59977901132801,0.752,0.5057370622355554,"{'branching': ['V1.9'], 'leaves': [{0: 0.03846153846153852, 1: 0.9615384615384616}, {0: 1.0, 1: 0.0}]}"
5,0.5,0.1,1,tree,lasso,64.59977901132812,0.7519,0.5057370622355554,"{'branching': ['V1.9'], 'leaves': [{0: 0.038461538461538325, 1: 0.9615384615384616}, {0: 1.0, 1: 0.0}]}"
5,0.5,0.1,1,log,linear,64.59977901132811,0.7518,0.5057370622355554,"{'branching': ['V1.9'], 'leaves': [{0: 0.03846153846153849, 1: 0.9615384615384615}, {0: 1.0, 1: 0.0}]}"
5,0.5,0.1,1,log,lasso,64.59977901132805,0.7524,0.5057370622355554,"{'branching': ['V1.9'], 'leaves': [{0: 0.038461538461538464, 1: 0.9615384615384616}, {0: 1.0, 1: 0.0}]}"
5,0.5,0.11,1,tree,linear,62.034356711975775,0.756,0.5059936044654905,"{'branching': ['V1.9'], 'leaves': [{0: 0.0, 1: 1.0}, {0: 1.0, 1: 0.0}]}"
5,0.5,0.11,1,tree,lasso,62.034356711975775,0.756,0.5059936044654905,"{'branching': ['V1.9'], 'leaves': [{0: 0.0, 1: 1.0}, {0: 1.0, 1: 0.0}]}"
5,0.5,0.11,1,log,linear,62.034356711975775,0.756,0.5059936044654905,"{'branching': ['V1.9'], 'leaves': [{0: 0.0, 1: 1.0}, {0: 1.0, 1: 0.0}]}"
5,0.5,0.11,1,log,lasso,62.034356711975775,0.756,0.5059936044654905,"{'branching': ['V1.9'], 'leaves': [{0: 0.0, 1: 1.0}, {0: 1.0, 1: 0.0}]}"
5,0.5,0.12,1,tree,linear,62.034356711975775,0.756,0.5059936044654905,"{'branching': ['V1.9'], 'leaves': [{0: 0.0, 1: 1.0}, {0: 1.0, 1: 0.0}]}"
5,0.5,0.12,1,tree,lasso,62.034356711975775,0.756,0.5059936044654905,"{'branching': ['V1.9'], 'leaves': [{0: 0.0, 1: 1.0}, {0: 1.0, 1: 0.0}]}"
5,0.5,0.12,1,log,linear,62.034356711975775,0.756,0.5059936044654905,"{'branching': ['V1.9'], 'leaves': [{0: 0.0, 1: 1.0}, {0: 1.0, 1: 0.0}]}"
5,0.5,0.12,1,log,lasso,62.034356711975775,0.756,0.5059936044654905,"{'branching': ['V1.9'], 'leaves': [{0: 0.0, 1: 1.0}, {0: 1.0, 1: 0.0}]}"
5,0.5,0.13,1,tree,linear,62.034356711975775,0.756,0.5059936044654905,"{'branching': ['V1.9'], 'leaves': [{0: 0.0, 1: 1.0}, {0: 1.0, 1: 0.0}]}"
5,0.5,0.13,1,tree,lasso,66.3284097896739,0.7685,0.5055641991577203,"{'branching': ['V1.8'], 'leaves': [{0: 0.3434343434343434, 1: 0.6565656565656566}, {0: 1.0, 1: 0.0}]}"
5,0.5,0.13,1,log,linear,62.034356711975775,0.756,0.5059936044654905,"{'branching': ['V1.9'], 'leaves': [{0: 0.0, 1: 1.0}, {0: 1.0, 1: 0.0}]}"
5,0.5,0.13,1,log,lasso,66.3284097896739,0.7681,0.5055641991577203,"{'branching': ['V1.8'], 'leaves': [{0: 0.3434343434343434, 1: 0.6565656565656566}, {0: 1.0, 1: 0.0}]}"
5,0.5,0.14,1,tree,linear,61.52787696617689,0.7786,0.5060442524400706,"{'branching': ['V1.8'], 'leaves': [{0: 0.29292929292929304, 1: 0.707070707070707}, {0: 1.0, 1: 0.0}]}"
5,0.5,0.14,1,tree,lasso,61.52787696617687,0.7788,0.5060442524400706,"{'branching': ['V1.8'], 'leaves': [{0: 0.29292929292929293, 1: 0.7070707070707071}, {0: 1.0, 1: 0.0}]}"
5,0.5,0.14,1,log,linear,61.52787696617687,0.7762,0.5060442524400706,"{'branching': ['V1.8'], 'leaves': [{0: 0.29292929292929293, 1: 0.7070707070707071}, {0: 1.0, 1: 0.0}]}"
5,0.5,0.14,1,log,lasso,61.52787696617689,0.7787,0.5060442524400706,"{'branching': ['V1.8'], 'leaves': [{0: 0.29292929292929304, 1: 0.707070707070707}, {0: 1.0, 1: 0.0}]}"
5,0.5,0.15,1,tree,linear,56.72734414267984,0.7851,0.5065243057224189,"{'branching': ['V1.8'], 'leaves': [{0: 0.24242424242424243, 1: 0.7575757575757576}, {0: 1.0, 1: 0.0}]}"
5,0.5,0.15,1,tree,lasso,56.72734414267903,0.7842,0.506524305722419,"{'branching': ['V1.8'], 'leaves': [{0: 0.24242424242424254, 1: 0.7575757575757575}, {0: 1.0000000000000002, 1: 0.0}]}"
5,0.5,0.15,1,log,linear,56.72734414267984,0.7877,0.5065243057224189,"{'branching': ['V1.8'], 'leaves': [{0: 0.24242424242424243, 1: 0.7575757575757576}, {0: 1.0, 1: 0.0}]}"
5,0.5,0.15,1,log,lasso,56.72734414267984,0.7842,0.5065243057224189,"{'branching': ['V1.8'], 'leaves': [{0: 0.24242424242424243, 1: 0.7575757575757576}, {0: 1.0, 1: 0.0}]}"
5,0.5,0.16,1,tree,linear,51.926811319182846,0.795,0.5070043590047699,"{'branching': ['V1.8'], 'leaves': [{0: 0.1919191919191919, 1: 0.8080808080808081}, {0: 1.0, 1: 0.0}]}"
5,0.5,0.16,1,tree,lasso,51.92681131918256,0.7954,0.5070043590047699,"{'branching': ['V1.8'], 'leaves': [{0: 0.19191919191919204, 1: 0.8080808080808082}, {0: 1.0, 1: 0.0}]}"
5,0.5,0.16,1,log,linear,51.92681131918282,0.7965,0.5070043590047699,"{'branching': ['V1.8'], 'leaves': [{0: 0.19191919191919193, 1: 0.8080808080808081}, {0: 1.0, 1: 0.0}]}"
5,0.5,0.16,1,log,lasso,51.92681131918282,0.7956,0.5070043590047699,"{'branching': ['V1.8'], 'leaves': [{0: 0.19191919191919193, 1: 0.8080808080808081}, {0: 1.0, 1: 0.0}]}"
5,0.5,0.17,1,tree,linear,47.12627849568578,0.8036,0.5074844122871185,"{'branching': ['V1.8'], 'leaves': [{0: 0.14141414141414133, 1: 0.8585858585858587}, {0: 1.0, 1: 0.0}]}"
5,0.5,0.17,1,tree,lasso,47.126278495685824,0.8043,0.5074844122871185,"{'branching': ['V1.8'], 'leaves': [{0: 0.1414141414141414, 1: 0.8585858585858586}, {0: 1.0, 1: 0.0}]}"
5,0.5,0.17,1,log,linear,47.126278495685824,0.8035,0.5074844122871185,"{'branching': ['V1.8'], 'leaves': [{0: 0.1414141414141414, 1: 0.8585858585858586}, {0: 1.0, 1: 0.0}]}"
5,0.5,0.17,1,log,lasso,47.126278495685824,0.8012,0.5074844122871185,"{'branching': ['V1.8'], 'leaves': [{0: 0.1414141414141414, 1: 0.8585858585858586}, {0: 1.0, 1: 0.0}]}"
5,0.5,0.18,1,tree,linear,42.3257456721888,0.811,0.507964465569468,"{'branching': ['V1.8'], 'leaves': [{0: 0.09090909090909091, 1: 0.9090909090909091}, {0: 1.0, 1: 0.0}]}"
5,0.5,0.18,1,tree,lasso,42.325745672191424,0.812,0.5079644655694676,"{'branching': ['V1.8'], 'leaves': [{0: 0.09090909090909123, 1: 0.9090909090909087}, {0: 0.9999999999999993, 1: 0.0}]}"
5,0.5,0.18,1,log,linear,42.3257456721888,0.8145,0.507964465569468,"{'branching': ['V1.8'], 'leaves': [{0: 0.09090909090909091, 1: 0.9090909090909091}, {0: 1.0, 1: 0.0}]}"
5,0.5,0.18,1,log,lasso,42.325745672188766,0.8113,0.507964465569468,"{'branching': ['V1.8'], 'leaves': [{0: 0.09090909090909094, 1: 0.9090909090909091}, {0: 1.0, 1: 0.0}]}"
5,0.5,0.19,1,tree,linear,37.52521284869178,0.8196,0.5084445188518176,"{'branching': ['V1.8'], 'leaves': [{0: 0.04040404040404041, 1: 0.9595959595959596}, {0: 1.0, 1: 0.0}]}"
5,0.5,0.19,1,tree,lasso,37.52521284869174,0.8207,0.5084445188518176,"{'branching': ['V1.8'], 'leaves': [{0: 0.04040404040404044, 1: 0.9595959595959596}, {0: 1.0, 1: 0.0}]}"
5,0.5,0.19,1,log,linear,37.525212848691744,0.8204,0.5084445188518176,"{'branching': ['V1.8'], 'leaves': [{0: 0.040404040404040435, 1: 0.9595959595959596}, {0: 1.0, 1: 0.0}]}"
5,0.5,0.19,1,log,lasso,37.52521284869176,0.8203,0.5084445188518176,"{'branching': ['V1.8'], 'leaves': [{0: 0.04040404040404042, 1: 0.9595959595959596}, {0: 1.0, 1: 0.0}]}"
5,0.5,0.2,1,tree,linear,33.68478658989411,0.8274,0.5088285614776984,"{'branching': ['V1.8'], 'leaves': [{0: 0.0, 1: 1.0}, {0: 1.0, 1: 0.0}]}"
5,0.5,0.2,1,tree,lasso,33.68478658989411,0.8274,0.5088285614776984,"{'branching': ['V1.8'], 'leaves': [{0: 0.0, 1: 1.0}, {0: 1.0, 1: 0.0}]}"
5,0.5,0.2,1,log,linear,33.68478658989411,0.8274,0.5088285614776984,"{'branching': ['V1.8'], 'leaves': [{0: 0.0, 1: 1.0}, {0: 1.0, 1: 0.0}]}"
5,0.5,0.2,1,log,lasso,33.68478658989411,0.8274,0.5088285614776984,"{'branching': ['V1.8'], 'leaves': [{0: 0.0, 1: 1.0}, {0: 1.0, 1: 0.0}]}"
5,0.5,0.21,1,tree,linear,33.68478658989411,0.8274,0.5088285614776984,"{'branching': ['V1.8'], 'leaves': [{0: 0.0, 1: 1.0}, {0: 1.0, 1: 0.0}]}"
5,0.5,0.21,1,tree,lasso,33.68478658989411,0.8274,0.5088285614776984,"{'branching': ['V1.8'], 'leaves': [{0: 0.0, 1: 1.0}, {0: 1.0, 1: 0.0}]}"
5,0.5,0.21,1,log,linear,33.68478658989411,0.8274,0.5088285614776984,"{'branching': ['V1.8'], 'leaves': [{0: 0.0, 1: 1.0}, {0: 1.0, 1: 0.0}]}"
5,0.5,0.21,1,log,lasso,33.68478658989411,0.8274,0.5088285614776984,"{'branching': ['V1.8'], 'leaves': [{0: 0.0, 1: 1.0}, {0: 1.0, 1: 0.0}]}"
5,0.5,0.22,1,tree,linear,33.68478658989411,0.8274,0.5088285614776984,"{'branching': ['V1.8'], 'leaves': [{0: 0.0, 1: 1.0}, {0: 1.0, 1: 0.0}]}"
5,0.5,0.22,1,tree,lasso,33.68478658989411,0.8274,0.5088285614776984,"{'branching': ['V1.8'], 'leaves': [{0: 0.0, 1: 1.0}, {0: 1.0, 1: 0.0}]}"
5,0.5,0.22,1,log,linear,33.68478658989411,0.8274,0.5088285614776984,"{'branching': ['V1.8'], 'leaves': [{0: 0.0, 1: 1.0}, {0: 1.0, 1: 0.0}]}"
5,0.5,0.22,1,log,lasso,33.68478658989411,0.8274,0.5088285614776984,"{'branching': ['V1.8'], 'leaves': [{0: 0.0, 1: 1.0}, {0: 1.0, 1: 0.0}]}"
5,0.5,0.23,1,tree,linear,33.68478658989411,0.8274,0.5088285614776984,"{'branching': ['V1.8'], 'leaves': [{0: 0.0, 1: 1.0}, {0: 1.0, 1: 0.0}]}"
5,0.5,0.23,1,tree,lasso,33.68478658989411,0.8274,0.5088285614776984,"{'branching': ['V1.8'], 'leaves': [{0: 0.0, 1: 1.0}, {0: 1.0, 1: 0.0}]}"
5,0.5,0.23,1,log,linear,33.68478658989411,0.8274,0.5088285614776984,"{'branching': ['V1.8'], 'leaves': [{0: 0.0, 1: 1.0}, {0: 1.0, 1: 0.0}]}"
5,0.5,0.23,1,log,lasso,69.50523869464558,0.765,0.5052465162672222,"{'branching': ['V1.6'], 'leaves': [{0: 0.41919191919191956, 1: 0.5808080808080806}, {0: 1.0, 1: 0.0}]}"
5,0.5,0.24,1,tree,linear,33.68478658989411,0.8274,0.5088285614776984,"{'branching': ['V1.8'], 'leaves': [{0: 0.0, 1: 1.0}, {0: 1.0, 1: 0.0}]}"
5,0.5,0.24,1,tree,lasso,33.68478658989411,0.8274,0.5088285614776984,"{'branching': ['V1.8'], 'leaves': [{0: 0.0, 1: 1.0}, {0: 1.0, 1: 0.0}]}"
5,0.5,0.24,1,log,linear,33.68478658989411,0.8274,0.5088285614776984,"{'branching': ['V1.8'], 'leaves': [{0: 0.0, 1: 1.0}, {0: 1.0, 1: 0.0}]}"
5,0.5,0.24,1,log,lasso,66.93001705114627,0.7702,0.5055040384315749,"{'branching': ['V1.6'], 'leaves': [{0: 0.3939393939393939, 1: 0.6060606060606061}, {0: 1.0, 1: 0.0}]}"
5,0.5,0.25,1,tree,linear,33.68478658989411,0.8274,0.5088285614776984,"{'branching': ['V1.8'], 'leaves': [{0: 0.0, 1: 1.0}, {0: 1.0, 1: 0.0}]}"
5,0.5,0.25,1,tree,lasso,64.35479540764683,0.7716,0.5057615605959238,"{'branching': ['V1.6'], 'leaves': [{0: 0.3686868686868687, 1: 0.6313131313131313}, {0: 1.0, 1: 0.0}]}"
5,0.5,0.25,1,log,linear,33.68478658989411,0.8274,0.5088285614776984,"{'branching': ['V1.8'], 'leaves': [{0: 0.0, 1: 1.0}, {0: 1.0, 1: 0.0}]}"
5,0.5,0.25,1,log,lasso,64.35479540764656,0.7778,0.5057615605959238,"{'branching': ['V1.6'], 'leaves': [{0: 0.36868686868686845, 1: 0.6313131313131317}, {0: 0.9999999999999996, 1: 3.885780586188043e-16}]}"
5,0.5,0.26,1,tree,linear,33.68478658989411,0.8274,0.5088285614776984,"{'branching': ['V1.8'], 'leaves': [{0: 0.0, 1: 1.0}, {0: 1.0, 1: 0.0}]}"
5,0.5,0.26,1,tree,lasso,61.77957376414718,0.7821,0.5060190827602747,"{'branching': ['V1.6'], 'leaves': [{0: 0.3434343434343434, 1: 0.6565656565656566}, {0: 1.0, 1: 0.0}]}"
5,0.5,0.26,1,log,linear,33.68478658989411,0.8274,0.5088285614776984,"{'branching': ['V1.8'], 'leaves': [{0: 0.0, 1: 1.0}, {0: 1.0, 1: 0.0}]}"
5,0.5,0.26,1,log,lasso,61.7795737641473,0.7825,0.5060190827602747,"{'branching': ['V1.6'], 'leaves': [{0: 0.34343434343434337, 1: 0.6565656565656566}, {0: 1.0, 1: 0.0}]}"
5,0.5,0.27,1,tree,linear,36.09466745746713,0.8394,0.5085875733909403,"{'branching': ['V1.7'], 'leaves': [{0: 0.12337662337662338, 1: 0.8766233766233767}, {0: 1.0, 1: 0.0}]}"
5,0.5,0.27,1,tree,lasso,59.2043521206474,0.7885,0.5062766049246228,"{'branching': ['V1.6'], 'leaves': [{0: 0.31818181818181823, 1: 0.6818181818181819}, {0: 1.0, 1: 0.0}]}"
5,0.5,0.27,1,log,linear,36.09466745746733,0.8349,0.5085875733909403,"{'branching': ['V1.7'], 'leaves': [{0: 0.12337662337662338, 1: 0.8766233766233766}, {0: 1.0, 1: 0.0}]}"
5,0.5,0.27,1,log,lasso,59.20435212064776,0.7862,0.5062766049246227,"{'branching': ['V1.6'], 'leaves': [{0: 0.3181818181818182, 1: 0.6818181818181818}, {0: 1.0, 1: 0.0}]}"
5,0.5,0.28,1,tree,linear,32.6635315671834,0.8417,0.5089306869799671,"{'branching': ['V1.7'], 'leaves': [{0: 0.09090909090909091, 1: 0.9090909090909091}, {0: 1.0, 1: 0.0}]}"
5,0.5,0.28,1,tree,lasso,56.62913047714824,0.7957,0.506534127088974,"{'branching': ['V1.6'], 'leaves': [{0: 0.2929292929292931, 1: 0.7070707070707068}, {0: 1.0, 1: 0.0}]}"
5,0.5,0.28,1,log,linear,32.6635315671834,0.8422,0.5089306869799671,"{'branching': ['V1.7'], 'leaves': [{0: 0.09090909090909091, 1: 0.9090909090909091}, {0: 1.0, 1: 0.0}]}"
5,0.5,0.28,1,log,lasso,56.629130477148095,0.7944,0.506534127088974,"{'branching': ['V1.6'], 'leaves': [{0: 0.29292929292929293, 1: 0.7070707070707071}, {0: 1.0, 1: 0.0}]}"
5,0.5,0.29,1,tree,linear,29.23239567689936,0.8513,0.5092738005689962,"{'branching': ['V1.7'], 'leaves': [{0: 0.05844155844155852, 1: 0.9415584415584415}, {0: 1.0, 1: 0.0}]}"
5,0.5,0.29,1,tree,lasso,54.05390883364868,0.7977,0.5067916492533232,"{'branching': ['V1.6'], 'leaves': [{0: 0.2676767676767677, 1: 0.7323232323232323}, {0: 1.0, 1: 0.0}]}"
5,0.5,0.29,1,log,linear,29.232395676899344,0.8494,0.5092738005689962,"{'branching': ['V1.7'], 'leaves': [{0: 0.058441558441558406, 1: 0.9415584415584416}, {0: 1.0, 1: 0.0}]}"
5,0.5,0.29,1,log,lasso,54.05390883364856,0.7953,0.5067916492533233,"{'branching': ['V1.6'], 'leaves': [{0: 0.26767676767676774, 1: 0.7323232323232323}, {0: 1.0, 1: 0.0}]}"
5,0.5,0.3,1,tree,linear,25.801259786615358,0.8539,0.5096169141580276,"{'branching': ['V1.7'], 'leaves': [{0: 0.025974025974025983, 1: 0.974025974025974}, {0: 1.0, 1: 0.0}]}"
5,0.5,0.3,1,tree,lasso,51.47868719014902,0.8001,0.5070491714176727,"{'branching': ['V1.6'], 'leaves': [{0: 0.24242424242424243, 1: 0.7575757575757576}, {0: 1.0, 1: 0.0}]}"
5,0.5,0.3,1,log,linear,25.801259786615358,0.8536,0.5096169141580276,"{'branching': ['V1.7'], 'leaves': [{0: 0.025974025974025983, 1: 0.974025974025974}, {0: 1.0, 1: 0.0}]}"
5,0.5,0.3,1,log,lasso,51.47868719014902,0.7973,0.5070491714176727,"{'branching': ['V1.6'], 'leaves': [{0: 0.24242424242424243, 1: 0.7575757575757576}, {0: 1.0, 1: 0.0}]}"
5,0.5,0.31,1,tree,linear,23.05635107438816,0.8608,0.5098914050292481,"{'branching': ['V1.7'], 'leaves': [{0: 0.0, 1: 1.0}, {0: 1.0, 1: 0.0}]}"
5,0.5,0.31,1,tree,lasso,48.90346554664946,0.8069,0.5073066935820223,"{'branching': ['V1.6'], 'leaves': [{0: 0.21717171717171713, 1: 0.7828282828282829}, {0: 1.0, 1: 0.0}]}"
5,0.5,0.31,1,log,linear,23.05635107438816,0.8608,0.5098914050292481,"{'branching': ['V1.7'], 'leaves': [{0: 0.0, 1: 1.0}, {0: 1.0, 1: 0.0}]}"
5,0.5,0.31,1,log,lasso,48.90346554664934,0.8125,0.5073066935820223,"{'branching': ['V1.6'], 'leaves': [{0: 0.21717171717171718, 1: 0.7828282828282829}, {0: 1.0, 1: 0.0}]}"
5,0.5,0.32,1,tree,linear,23.05635107438816,0.8608,0.5098914050292481,"{'branching': ['V1.7'], 'leaves': [{0: 0.0, 1: 1.0}, {0: 1.0, 1: 0.0}]}"
5,0.5,0.32,1,tree,lasso,46.32824390315,0.8133,0.5075642157463738,"{'branching': ['V1.6'], 'leaves': [{0: 0.1919191919191919, 1: 0.8080808080808081}, {0: 1.0, 1: 0.0}]}"
5,0.5,0.32,1,log,linear,23.05635107438816,0.8608,0.5098914050292481,"{'branching': ['V1.7'], 'leaves': [{0: 0.0, 1: 1.0}, {0: 1.0, 1: 0.0}]}"
5,0.5,0.32,1,log,lasso,46.32824390315,0.8096,0.5075642157463738,"{'branching': ['V1.6'], 'leaves': [{0: 0.1919191919191919, 1: 0.8080808080808081}, {0: 1.0, 1: 0.0}]}"
5,0.5,0.33,1,tree,linear,23.05635107438816,0.8608,0.5098914050292481,"{'branching': ['V1.7'], 'leaves': [{0: 0.0, 1: 1.0}, {0: 1.0, 1: 0.0}]}"
5,0.5,0.33,1,tree,lasso,43.7530222596505,0.8121,0.5078217379107223,"{'branching': ['V1.6'], 'leaves': [{0: 0.16666666666666669, 1: 0.8333333333333333}, {0: 1.0, 1: 0.0}]}"
5,0.5,0.33,1,log,linear,23.05635107438816,0.8608,0.5098914050292481,"{'branching': ['V1.7'], 'leaves': [{0: 0.0, 1: 1.0}, {0: 1.0, 1: 0.0}]}"
5,0.5,0.33,1,log,lasso,43.75302225965032,0.8118,0.5078217379107224,"{'branching': ['V1.6'], 'leaves': [{0: 0.16666666666666666, 1: 0.8333333333333334}, {0: 1.0, 1: 0.0}]}"
5,0.5,0.34,1,tree,linear,23.05635107438816,0.8608,0.5098914050292481,"{'branching': ['V1.7'], 'leaves': [{0: 0.0, 1: 1.0}, {0: 1.0, 1: 0.0}]}"
5,0.5,0.34,1,tree,lasso,41.17780061615091,0.8221,0.5080792600750714,"{'branching': ['V1.6'], 'leaves': [{0: 0.1414141414141414, 1: 0.8585858585858586}, {0: 1.0, 1: 0.0}]}"
5,0.5,0.34,1,log,linear,23.05635107438816,0.8608,0.5098914050292481,"{'branching': ['V1.7'], 'leaves': [{0: 0.0, 1: 1.0}, {0: 1.0, 1: 0.0}]}"
5,0.5,0.34,1,log,lasso,41.17780061615091,0.8197,0.5080792600750714,"{'branching': ['V1.6'], 'leaves': [{0: 0.1414141414141414, 1: 0.8585858585858586}, {0: 1.0, 1: 0.0}]}"
5,0.5,0.35,1,tree,linear,23.05635107438816,0.8608,0.5098914050292481,"{'branching': ['V1.7'], 'leaves': [{0: 0.0, 1: 1.0}, {0: 1.0, 1: 0.0}]}"
5,0.5,0.35,1,tree,lasso,38.60257897265125,0.8242,0.5083367822394215,"{'branching': ['V1.6'], 'leaves': [{0: 0.11616161616161616, 1: 0.8838383838383839}, {0: 1.0, 1: 0.0}]}"
5,0.5,0.35,1,log,linear,23.05635107438816,0.8608,0.5098914050292481,"{'branching': ['V1.7'], 'leaves': [{0: 0.0, 1: 1.0}, {0: 1.0, 1: 0.0}]}"
5,0.5,0.35,1,log,lasso,38.6025789726513,0.8204,0.5083367822394215,"{'branching': ['V1.6'], 'leaves': [{0: 0.11616161616161613, 1: 0.8838383838383839}, {0: 1.0, 1: 0.0}]}"
5,0.5,0.36,1,tree,linear,36.02735732915183,0.8275,0.5085943044037707,"{'branching': ['V1.6'], 'leaves': [{0: 0.09090909090909091, 1: 0.9090909090909091}, {0: 1.0, 1: 0.0}]}"
5,0.5,0.36,1,tree,lasso,36.027357329152,0.8318,0.5085943044037706,"{'branching': ['V1.6'], 'leaves': [{0: 0.09090909090909072, 1: 0.9090909090909092}, {0: 1.0, 1: 0.0}]}"
5,0.5,0.36,1,log,linear,36.02735732915174,0.8282,0.5085943044037707,"{'branching': ['V1.6'], 'leaves': [{0: 0.09090909090909095, 1: 0.9090909090909091}, {0: 1.0, 1: 0.0}]}"
5,0.5,0.36,1,log,lasso,36.027357329151755,0.828,0.5085943044037707,"{'branching': ['V1.6'], 'leaves': [{0: 0.09090909090909083, 1: 0.9090909090909092}, {0: 1.0, 1: 0.0}]}"
5,0.5,0.37,1,tree,linear,33.45213568565222,0.8365,0.5088518265681238,"{'branching': ['V1.6'], 'leaves': [{0: 0.06565656565656564, 1: 0.9343434343434344}, {0: 1.0, 1: 0.0}]}"
5,0.5,0.37,1,tree,lasso,33.452135685652166,0.8358,0.5088518265681239,"{'branching': ['V1.6'], 'leaves': [{0: 0.06565656565656566, 1: 0.9343434343434344}, {0: 1.0, 1: 0.0}]}"
5,0.5,0.37,1,log,linear,33.45213568565222,0.8384,0.5088518265681238,"{'branching': ['V1.6'], 'leaves': [{0: 0.06565656565656564, 1: 0.9343434343434344}, {0: 1.0, 1: 0.0}]}"
5,0.5,0.37,1,log,lasso,33.452135685652166,0.8342,0.5088518265681239,"{'branching': ['V1.6'], 'leaves': [{0: 0.06565656565656566, 1: 0.9343434343434344}, {0: 1.0, 1: 0.0}]}"
5,0.5,0.38,1,tree,linear,30.87691404215277,0.8401,0.5091093487324722,"{'branching': ['V1.6'], 'leaves': [{0: 0.04040404040404041, 1: 0.9595959595959596}, {0: 1.0, 1: 0.0}]}"
5,0.5,0.38,1,tree,lasso,30.87691404215277,0.8403,0.5091093487324722,"{'branching': ['V1.6'], 'leaves': [{0: 0.04040404040404041, 1: 0.9595959595959596}, {0: 1.0, 1: 0.0}]}"
5,0.5,0.38,1,log,linear,30.87691404215247,0.8384,0.5091093487324722,"{'branching': ['V1.6'], 'leaves': [{0: 0.04040404040404043, 1: 0.9595959595959597}, {0: 1.0, 1: 0.0}]}"
5,0.5,0.38,1,log,lasso,30.87691404215269,0.8387,0.5091093487324722,"{'branching': ['V1.6'], 'leaves': [{0: 0.04040404040404044, 1: 0.9595959595959596}, {0: 1.0, 1: 0.0}]}"
5,0.5,0.39,1,tree,linear,28.30169239865312,0.8453,0.5093668708968223,"{'branching': ['V1.6'], 'leaves': [{0: 0.015151515151515152, 1: 0.9848484848484849}, {0: 1.0, 1: 0.0}]}"
5,0.5,0.39,1,tree,lasso,28.301692398653145,0.8449,0.5093668708968223,"{'branching': ['V1.6'], 'leaves': [{0: 0.015151515151515138, 1: 0.9848484848484849}, {0: 1.0, 1: 0.0}]}"
5,0.5,0.39,1,log,linear,28.30169239865312,0.8447,0.5093668708968223,"{'branching': ['V1.6'], 'leaves': [{0: 0.015151515151515152, 1: 0.9848484848484849}, {0: 1.0, 1: 0.0}]}"
5,0.5,0.39,1,log,lasso,28.301692398653262,0.8439,0.5093668708968222,"{'branching': ['V1.6'], 'leaves': [{0: 0.015151515151515084, 1: 0.9848484848484849}, {0: 1.0, 1: 0.0}]}"
5,0.5,0.4,1,tree,linear,26.756559412553425,0.8475,0.5095213841954326,"{'branching': ['V1.6'], 'leaves': [{0: 0.0, 1: 1.0}, {0: 1.0, 1: 0.0}]}"
5,0.5,0.4,1,tree,lasso,26.75655941255241,0.8475,0.5095213841954328,"{'branching': ['V1.6'], 'leaves': [{0: 0.0, 1: 1.0}, {0: 0.9999999999999998, 1: 6.331740687315475e-16}]}"
5,0.5,0.4,1,log,linear,26.756559412553425,0.8475,0.5095213841954326,"{'branching': ['V1.6'], 'leaves': [{0: 0.0, 1: 1.0}, {0: 1.0, 1: 0.0}]}"
5,0.5,0.4,1,log,lasso,26.756559412553425,0.8475,0.5095213841954326,"{'branching': ['V1.6'], 'leaves': [{0: 0.0, 1: 1.0}, {0: 1.0, 1: 0.0}]}"
1,0.75,0.05,1,tree,linear,143.9705234860538,0.6126,0.481399119987538,"{'branching': ['V1.9'], 'leaves': [{0: 0.5192307692307692, 1: 0.4807692307692307}, {0: 1.0, 1: 0.0}]}"
1,0.75,0.05,1,tree,lasso,143.9705234860538,0.6097,0.481399119987538,"{'branching': ['V1.9'], 'leaves': [{0: 0.5192307692307692, 1: 0.4807692307692308}, {0: 1.0, 1: 0.0}]}"
1,0.75,0.05,1,log,linear,143.97052348605376,0.6086,0.481399119987538,"{'branching': ['V1.9'], 'leaves': [{0: 0.5192307692307693, 1: 0.4807692307692307}, {0: 1.0, 1: 0.0}]}"
1,0.75,0.05,1,log,lasso,165.31947269763248,0.5877,0.479264225066381,"{'branching': ['V2.1'], 'leaves': [{0: 1.0, 1: 0.0}, {0: 0.5370370370370365, 1: 0.4629629629629636}]}"
1,0.75,0.06,1,tree,linear,136.84176043733305,0.6175,0.4821119962924097,"{'branching': ['V1.9'], 'leaves': [{0: 0.4230769230769225, 1: 0.5769230769230775}, {0: 1.0000000000000002, 1: 0.0}]}"
1,0.75,0.06,1,tree,lasso,136.84176043733407,0.6196,0.4821119962924096,"{'branching': ['V1.9'], 'leaves': [{0: 0.4230769230769231, 1: 0.5769230769230769}, {0: 1.0, 1: 0.0}]}"
1,0.75,0.06,1,log,linear,136.84176043733407,0.6223,0.4821119962924096,"{'branching': ['V1.9'], 'leaves': [{0: 0.4230769230769231, 1: 0.5769230769230769}, {0: 1.0, 1: 0.0}]}"
1,0.75,0.06,1,log,lasso,162.4604994912287,0.5873,0.4795501223870217,"{'branching': ['V2.1'], 'leaves': [{0: 1.0, 1: 0.0}, {0: 0.44444444444444786, 1: 0.555555555555552}]}"
1,0.75,0.07,1,tree,linear,129.7129973886143,0.6285,0.4828248725972823,"{'branching': ['V1.9'], 'leaves': [{0: 0.3269230769230769, 1: 0.6730769230769231}, {0: 1.0, 1: 0.0}]}"
1,0.75,0.07,1,tree,lasso,129.71299738861035,0.6307,0.4828248725972828,"{'branching': ['V1.9'], 'leaves': [{0: 0.32692307692307443, 1: 0.6730769230769256}, {0: 1.0000000000000009, 1: 0.0}]}"
1,0.75,0.07,1,log,linear,129.7129973886143,0.6296,0.4828248725972823,"{'branching': ['V1.9'], 'leaves': [{0: 0.3269230769230769, 1: 0.6730769230769231}, {0: 1.0, 1: 0.0}]}"
1,0.75,0.07,1,log,lasso,159.60152628482462,0.592,0.4798360197076616,"{'branching': ['V2.1'], 'leaves': [{0: 0.9999999999999997, 1: 3.7470027081099033e-16}, {0: 0.3518518518518532, 1: 0.6481481481481468}]}"
1,0.75,0.08,1,tree,linear,122.58423433989464,0.6388,0.4835377489021547,"{'branching': ['V1.9'], 'leaves': [{0: 0.23076923076923078, 1: 0.7692307692307692}, {0: 1.0, 1: 0.0}]}"
1,0.75,0.08,1,tree,lasso,122.58423433989452,0.6382,0.4835377489021547,"{'branching': ['V1.9'], 'leaves': [{0: 0.2307692307692308, 1: 0.7692307692307694}, {0: 1.0, 1: 0.0}]}"
1,0.75,0.08,1,log,linear,122.5842343398946,0.6383,0.4835377489021547,"{'branching': ['V1.9'], 'leaves': [{0: 0.23076923076923075, 1: 0.7692307692307693}, {0: 1.0, 1: 0.0}]}"
1,0.75,0.08,1,log,lasso,156.7425530784207,0.5979,0.4801219170283028,"{'branching': ['V2.1'], 'leaves': [{0: 1.0, 1: 0.0}, {0: 0.2592592592592585, 1: 0.7407407407407413}]}"
1,0.75,0.09,1,tree,linear,115.4554712911749,0.6492,0.4842506252070266,"{'branching': ['V1.9'], 'leaves': [{0: 0.13461538461538458, 1: 0.8653846153846154}, {0: 1.0, 1: 0.0}]}"
1,0.75,0.09,1,tree,lasso,115.4554712911744,0.6462,0.4842506252070266,"{'branching': ['V1.9'], 'leaves': [{0: 0.13461538461538505, 1: 0.865384615384615}, {0: 1.0, 1: 1.0408340855860843e-16}]}"
1,0.75,0.09,1,log,linear,115.45547129117494,0.6466,0.4842506252070266,"{'branching': ['V1.9'], 'leaves': [{0: 0.1346153846153846, 1: 0.8653846153846153}, {0: 1.0, 1: 0.0}]}"
1,0.75,0.09,1,log,lasso,153.8835798720167,0.6009,0.4804078143489426,"{'branching': ['V2.1'], 'leaves': [{0: 1.0, 1: 0.0}, {0: 0.16666666666666674, 1: 0.8333333333333333}]}"
1,0.75,0.1,1,tree,linear,108.32670824245515,0.6567,0.484963501511898,"{'branching': ['V1.9'], 'leaves': [{0: 0.038461538461538464, 1: 0.9615384615384616}, {0: 1.0, 1: 0.0}]}"
1,0.75,0.1,1,tree,lasso,108.32670824245528,0.6556,0.484963501511898,"{'branching': ['V1.9'], 'leaves': [{0: 0.03846153846153788, 1: 0.9615384615384619}, {0: 1.0, 1: 0.0}]}"
1,0.75,0.1,1,log,linear,108.32670824245515,0.6567,0.484963501511898,"{'branching': ['V1.9'], 'leaves': [{0: 0.038461538461538464, 1: 0.9615384615384616}, {0: 1.0, 1: 0.0}]}"
1,0.75,0.1,1,log,lasso,151.02460666561274,0.6062,0.4806937116695831,"{'branching': ['V2.1'], 'leaves': [{0: 1.0, 1: 0.0}, {0: 0.07407407407407407, 1: 0.9259259259259259}]}"
1,0.75,0.11,1,tree,linear,106.5748044500715,0.6588,0.4851386918911399,"{'branching': ['V1.9'], 'leaves': [{0: 0.0, 1: 1.0}, {0: 0.9933035714285716, 1: 0.006696428571428381}]}"
1,0.75,0.11,1,tree,lasso,116.09445779444724,0.6616,0.4841867265566987,"{'branching': ['V1.8'], 'leaves': [{0: 0.4607843137254909, 1: 0.5392156862745092}, {0: 1.0, 1: 1.942890293094024e-16}]}"
1,0.75,0.11,1,log,linear,106.57480445007153,0.6581,0.4851386918911399,"{'branching': ['V1.9'], 'leaves': [{0: 0.0, 1: 1.0}, {0: 0.9933035714285714, 1: 0.006696428571428603}]}"
1,0.75,0.11,1,log,lasso,148.73742810048958,0.6093,0.4809224295260962,"{'branching': ['V2.1'], 'leaves': [{0: 1.0, 1: 0.0}, {0: 0.0, 1: 1.0}]}"
1,0.75,0.12,1,tree,linear,108.4074734952452,0.6555,0.4849554249866205,"{'branching': ['V1.9'], 'leaves': [{0: 0.0, 1: 1.0}, {0: 0.9821428571428572, 1: 0.017857142857142794}]}"
1,0.75,0.12,1,tree,lasso,110.31992316397486,0.6726,0.4847641800197461,"{'branching': ['V1.8'], 'leaves': [{0: 0.4117647058823529, 1: 0.5882352941176471}, {0: 1.0, 1: 0.0}]}"
1,0.75,0.12,1,log,linear,108.40747349524524,0.6538,0.4849554249866206,"{'branching': ['V1.9'], 'leaves': [{0: 0.0, 1: 1.0}, {0: 0.9821428571428571, 1: 0.017857142857142905}]}"
1,0.75,0.12,1,log,lasso,148.73742810048958,0.6093,0.4809224295260962,"{'branching': ['V2.1'], 'leaves': [{0: 1.0, 1: 0.0}, {0: 0.0, 1: 1.0}]}"
1,0.75,0.13,1,tree,linear,104.5453885335018,0.6866,0.4853416334827932,"{'branching': ['V1.8'], 'leaves': [{0: 0.3627450980392157, 1: 0.6372549019607843}, {0: 1.0, 1: 0.0}]}"
1,0.75,0.13,1,tree,lasso,104.54538853350176,0.6816,0.4853416334827932,"{'branching': ['V1.8'], 'leaves': [{0: 0.36274509803921573, 1: 0.6372549019607843}, {0: 1.0, 1: 0.0}]}"
1,0.75,0.13,1,log,linear,110.24014254041896,0.6548,0.4847721580821038,"{'branching': ['V1.9'], 'leaves': [{0: 0.0, 1: 1.0}, {0: 0.9709821428571428, 1: 0.029017857142857206}]}"
1,0.75,0.13,1,log,lasso,148.73742810048958,0.6093,0.4809224295260962,"{'branching': ['V2.1'], 'leaves': [{0: 1.0, 1: 0.0}, {0: 0.0, 1: 1.0}]}"
1,0.75,0.14,1,tree,linear,98.7708539030286,0.6883,0.4859190869458401,"{'branching': ['V1.8'], 'leaves': [{0: 0.3137254901960784, 1: 0.6862745098039216}, {0: 1.0, 1: 0.0}]}"
1,0.75,0.14,1,tree,lasso,98.7708539030286,0.6936,0.4859190869458401,"{'branching': ['V1.8'], 'leaves': [{0: 0.3137254901960784, 1: 0.6862745098039216}, {0: 1.0, 1: 0.0}]}"
1,0.75,0.14,1,log,linear,98.7708539030286,0.6951,0.4859190869458401,"{'branching': ['V1.8'], 'leaves': [{0: 0.3137254901960784, 1: 0.6862745098039216}, {0: 1.0, 1: 0.0}]}"
1,0.75,0.14,1,log,lasso,148.73742810048725,0.6093,0.4809224295260964,"{'branching': ['V2.1'], 'leaves': [{0: 1.0, 1: 5.273559366969494e-16}, {0: 0.0, 1: 1.0}]}"
1,0.75,0.15,1,tree,linear,92.9963192725555,0.7068,0.486496540408888,"{'branching': ['V1.8'], 'leaves': [{0: 0.26470588235294124, 1: 0.7352941176470588}, {0: 1.0, 1: 0.0}]}"
1,0.75,0.15,1,tree,lasso,92.9963192725555,0.6987,0.486496540408888,"{'branching': ['V1.8'], 'leaves': [{0: 0.2647058823529411, 1: 0.7352941176470589}, {0: 1.0, 1: 0.0}]}"
1,0.75,0.15,1,log,linear,92.99631927255544,0.7011,0.486496540408888,"{'branching': ['V1.8'], 'leaves': [{0: 0.2647058823529412, 1: 0.7352941176470589}, {0: 1.0, 1: 0.0}]}"
1,0.75,0.15,1,log,lasso,146.51699360081815,0.6123,0.4811444729760634,"{'branching': ['V2.2'], 'leaves': [{0: 0.9999999999999997, 1: 0.0}, {0: 0.23469387755102067, 1: 0.765306122448979}]}"
1,0.75,0.16,1,tree,linear,87.22178464208233,0.7102,0.4870739938719356,"{'branching': ['V1.8'], 'leaves': [{0: 0.21568627450980385, 1: 0.7843137254901962}, {0: 1.0, 1: 0.0}]}"
1,0.75,0.16,1,tree,lasso,87.22178464208238,0.7077,0.4870739938719356,"{'branching': ['V1.8'], 'leaves': [{0: 0.21568627450980393, 1: 0.7843137254901961}, {0: 1.0, 1: 0.0}]}"
1,0.75,0.16,1,log,linear,87.22178464208238,0.7124,0.4870739938719356,"{'branching': ['V1.8'], 'leaves': [{0: 0.21568627450980393, 1: 0.7843137254901961}, {0: 1.0, 1: 0.0}]}"
1,0.75,0.16,1,log,lasso,144.31050392556068,0.615,0.4813651219435892,"{'branching': ['V2.2'], 'leaves': [{0: 1.0, 1: 0.0}, {0: 0.18367346938775508, 1: 0.8163265306122449}]}"
1,0.75,0.17,1,tree,linear,81.44725001160921,0.7191,0.4876514473349824,"{'branching': ['V1.8'], 'leaves': [{0: 0.16666666666666666, 1: 0.8333333333333334}, {0: 1.0, 1: 0.0}]}"
1,0.75,0.17,1,tree,lasso,81.44725001160927,0.7221,0.4876514473349824,"{'branching': ['V1.8'], 'leaves': [{0: 0.1666666666666666, 1: 0.8333333333333334}, {0: 1.0, 1: 0.0}]}"
1,0.75,0.17,1,log,linear,81.44725001160921,0.7168,0.4876514473349824,"{'branching': ['V1.8'], 'leaves': [{0: 0.16666666666666666, 1: 0.8333333333333334}, {0: 1.0, 1: 0.0}]}"
1,0.75,0.17,1,log,lasso,142.10401425030497,0.622,0.4815857709111142,"{'branching': ['V2.2'], 'leaves': [{0: 1.0, 1: 0.0}, {0: 0.1326530612244898, 1: 0.8673469387755102}]}"
1,0.75,0.18,1,tree,linear,75.67271538113616,0.7282,0.4882289007980289,"{'branching': ['V1.8'], 'leaves': [{0: 0.11764705882352941, 1: 0.8823529411764706}, {0: 1.0, 1: 0.0}]}"
1,0.75,0.18,1,tree,lasso,75.67271538113613,0.7274,0.4882289007980289,"{'branching': ['V1.8'], 'leaves': [{0: 0.11764705882352944, 1: 0.8823529411764706}, {0: 1.0, 1: 0.0}]}"
1,0.75,0.18,1,log,linear,75.67271538113616,0.7275,0.4882289007980289,"{'branching': ['V1.8'], 'leaves': [{0: 0.11764705882352941, 1: 0.8823529411764706}, {0: 1.0, 1: 0.0}]}"
1,0.75,0.18,1,log,lasso,139.89752457504923,0.623,0.4818064198786382,"{'branching': ['V2.2'], 'leaves': [{0: 1.0, 1: 0.0}, {0: 0.08163265306122482, 1: 0.9183673469387752}]}"
1,0.75,0.19,1,tree,linear,69.89818075066309,0.7386,0.4888063542610777,"{'branching': ['V1.8'], 'leaves': [{0: 0.06862745098039218, 1: 0.9313725490196078}, {0: 1.0, 1: 0.0}]}"
1,0.75,0.19,1,tree,lasso,69.89818075066299,0.739,0.4888063542610777,"{'branching': ['V1.8'], 'leaves': [{0: 0.06862745098039216, 1: 0.9313725490196079}, {0: 1.0, 1: 0.0}]}"
1,0.75,0.19,1,log,linear,69.89818075066313,0.7377,0.4888063542610776,"{'branching': ['V1.8'], 'leaves': [{0: 0.06862745098039214, 1: 0.9313725490196078}, {0: 1.0, 1: 0.0}]}"
1,0.75,0.19,1,log,lasso,137.69103489979352,0.6257,0.4820270688461658,"{'branching': ['V2.2'], 'leaves': [{0: 1.0, 1: 0.0}, {0: 0.030612244897959186, 1: 0.9693877551020408}]}"
1,0.75,0.2,1,tree,linear,64.12364612018993,0.7473,0.4893838077241256,"{'branching': ['V1.8'], 'leaves': [{0: 0.0196078431372549, 1: 0.9803921568627451}, {0: 1.0, 1: 0.0}]}"
1,0.75,0.2,1,tree,lasso,64.12364612018993,0.7478,0.4893838077241256,"{'branching': ['V1.8'], 'leaves': [{0: 0.0196078431372549, 1: 0.9803921568627451}, {0: 1.0, 1: 0.0}]}"
1,0.75,0.2,1,log,linear,64.12364612018987,0.7481,0.4893838077241256,"{'branching': ['V1.8'], 'leaves': [{0: 0.019607843137254964, 1: 0.9803921568627451}, {0: 1.0, 1: 0.0}]}"
1,0.75,0.2,1,log,lasso,136.3671410946401,0.628,0.4821594582266811,"{'branching': ['V2.2'], 'leaves': [{0: 1.0, 1: 0.0}, {0: 0.0, 1: 1.0}]}"
1,0.75,0.21,1,tree,linear,63.380680387617694,0.7482,0.4894581042973819,"{'branching': ['V1.8'], 'leaves': [{0: 0.0, 1: 1.0}, {0: 0.992462311557789, 1: 0.007537688442211032}]}"
1,0.75,0.21,1,tree,lasso,63.38068038761767,0.7488,0.4894581042973819,"{'branching': ['V1.8'], 'leaves': [{0: 0.0, 1: 1.0}, {0: 0.9924623115577891, 1: 0.007537688442210921}]}"
1,0.75,0.21,1,log,linear,63.38068038761767,0.7489,0.4894581042973819,"{'branching': ['V1.8'], 'leaves': [{0: 0.0, 1: 1.0}, {0: 0.9924623115577891, 1: 0.007537688442210921}]}"
1,0.75,0.21,1,log,lasso,136.3671410946401,0.628,0.4821594582266811,"{'branching': ['V2.2'], 'leaves': [{0: 1.0, 1: 0.0}, {0: 0.0, 1: 1.0}]}"
1,0.75,0.22,1,tree,linear,65.99209392031281,0.742,0.4891969629441133,"{'branching': ['V1.8'], 'leaves': [{0: 0.0, 1: 1.0}, {0: 0.9798994974874372, 1: 0.02010050251256279}]}"
1,0.75,0.22,1,tree,lasso,65.99209392031277,0.7436,0.4891969629441133,"{'branching': ['V1.8'], 'leaves': [{0: 0.0, 1: 1.0}, {0: 0.9798994974874373, 1: 0.02010050251256268}]}"
1,0.75,0.22,1,log,linear,65.99209392031261,0.7469,0.4891969629441133,"{'branching': ['V1.8'], 'leaves': [{0: 0.0, 1: 1.0}, {0: 0.9798994974874372, 1: 0.020100502512562846}]}"
1,0.75,0.22,1,log,lasso,136.3671410946401,0.628,0.4821594582266811,"{'branching': ['V2.2'], 'leaves': [{0: 1.0, 1: 0.0}, {0: 0.0, 1: 1.0}]}"
1,0.75,0.23,1,tree,linear,68.60350745300794,0.74,0.4889358215908418,"{'branching': ['V1.8'], 'leaves': [{0: 0.0, 1: 1.0}, {0: 0.9673366834170853, 1: 0.03266331658291466}]}"
1,0.75,0.23,1,tree,lasso,69.39739088971935,0.7573,0.4888564332471713,"{'branching': ['V1.7'], 'leaves': [{0: 0.21768707482993163, 1: 0.7823129251700681}, {0: 1.0, 1: 0.0}]}"
1,0.75,0.23,1,log,linear,68.60350745300794,0.7376,0.4889358215908418,"{'branching': ['V1.8'], 'leaves': [{0: 0.0, 1: 1.0}, {0: 0.9673366834170853, 1: 0.03266331658291466}]}"
1,0.75,0.23,1,log,lasso,136.3671410946401,0.628,0.4821594582266811,"{'branching': ['V2.2'], 'leaves': [{0: 1.0, 1: 0.0}, {0: 0.0, 1: 1.0}]}"
1,0.75,0.24,1,tree,linear,64.60534967928703,0.7681,0.4893356373682154,"{'branching': ['V1.7'], 'leaves': [{0: 0.1836734693877551, 1: 0.8163265306122449}, {0: 1.0, 1: 0.0}]}"
1,0.75,0.24,1,tree,lasso,64.60534967928703,0.7641,0.4893356373682154,"{'branching': ['V1.7'], 'leaves': [{0: 0.1836734693877551, 1: 0.8163265306122449}, {0: 1.0, 1: 0.0}]}"
1,0.75,0.24,1,log,linear,64.60534967928709,0.7615,0.4893356373682154,"{'branching': ['V1.7'], 'leaves': [{0: 0.18367346938775508, 1: 0.8163265306122449}, {0: 1.0, 1: 0.0}]}"
1,0.75,0.24,1,log,lasso,139.85185088724373,0.6212,0.4818109872474203,"{'branching': ['V2.3'], 'leaves': [{0: 1.0, 1: 0.0}, {0: 0.17808219178082194, 1: 0.821917808219178}]}"
1,0.75,0.25,1,tree,linear,59.81330846885511,0.7712,0.4898148414892589,"{'branching': ['V1.7'], 'leaves': [{0: 0.14965986394557823, 1: 0.8503401360544218}, {0: 1.0, 1: 0.0}]}"
1,0.75,0.25,1,tree,lasso,59.81330846885578,0.7718,0.4898148414892589,"{'branching': ['V1.7'], 'leaves': [{0: 0.14965986394557826, 1: 0.8503401360544217}, {0: 0.9999999999999999, 1: 0.0}]}"
1,0.75,0.25,1,log,linear,59.81330846885511,0.775,0.4898148414892589,"{'branching': ['V1.7'], 'leaves': [{0: 0.14965986394557823, 1: 0.8503401360544218}, {0: 1.0, 1: 0.0}]}"
1,0.75,0.25,1,log,lasso,138.19508056047673,0.6253,0.4819766642800956,"{'branching': ['V2.3'], 'leaves': [{0: 1.0, 1: 0.0}, {0: 0.14383561643835646, 1: 0.8561643835616435}]}"
1,0.75,0.26,1,tree,linear,55.02126725842334,0.7815,0.4902940456103013,"{'branching': ['V1.7'], 'leaves': [{0: 0.11564625850340136, 1: 0.8843537414965986}, {0: 1.0, 1: 0.0}]}"
1,0.75,0.26,1,tree,lasso,55.02126725842334,0.7834,0.4902940456103013,"{'branching': ['V1.7'], 'leaves': [{0: 0.11564625850340136, 1: 0.8843537414965986}, {0: 1.0, 1: 0.0}]}"
1,0.75,0.26,1,log,linear,55.02126725842334,0.784,0.4902940456103013,"{'branching': ['V1.7'], 'leaves': [{0: 0.11564625850340136, 1: 0.8843537414965986}, {0: 1.0, 1: 0.0}]}"
1,0.75,0.26,1,log,lasso,136.53831023370964,0.6294,0.4821423413127717,"{'branching': ['V2.3'], 'leaves': [{0: 1.0, 1: 0.0}, {0: 0.10958904109589042, 1: 0.8904109589041096}]}"
1,0.75,0.27,1,tree,linear,50.22922604799146,0.7881,0.4907732497313448,"{'branching': ['V1.7'], 'leaves': [{0: 0.08163265306122446, 1: 0.9183673469387755}, {0: 1.0, 1: 0.0}]}"
1,0.75,0.27,1,tree,lasso,50.2292260479914,0.7912,0.4907732497313448,"{'branching': ['V1.7'], 'leaves': [{0: 0.0816326530612245, 1: 0.9183673469387755}, {0: 1.0, 1: 0.0}]}"
1,0.75,0.27,1,log,linear,50.22922604799157,0.7892,0.4907732497313448,"{'branching': ['V1.7'], 'leaves': [{0: 0.0816326530612245, 1: 0.9183673469387754}, {0: 1.0, 1: 0.0}]}"
1,0.75,0.27,1,log,lasso,134.88153990694258,0.6305,0.4823080183454483,"{'branching': ['V2.3'], 'leaves': [{0: 1.0, 1: 0.0}, {0: 0.07534246575342465, 1: 0.9246575342465754}]}"
1,0.75,0.28,1,tree,linear,45.43718483755964,0.7984,0.4912524538523861,"{'branching': ['V1.7'], 'leaves': [{0: 0.047619047619047616, 1: 0.9523809523809523}, {0: 1.0, 1: 0.0}]}"
1,0.75,0.28,1,tree,lasso,45.43718483755946,0.7967,0.4912524538523861,"{'branching': ['V1.7'], 'leaves': [{0: 0.047619047619047616, 1: 0.9523809523809524}, {0: 1.0, 1: 0.0}]}"
1,0.75,0.28,1,log,linear,45.43718483755964,0.7971,0.4912524538523861,"{'branching': ['V1.7'], 'leaves': [{0: 0.047619047619047616, 1: 0.9523809523809523}, {0: 1.0, 1: 0.0}]}"
1,0.75,0.28,1,log,lasso,133.22476958017552,0.633,0.482473695378126,"{'branching': ['V2.3'], 'leaves': [{0: 1.0, 1: 0.0}, {0: 0.0410958904109589, 1: 0.9589041095890412}]}"
1,0.75,0.29,1,tree,linear,40.645143627127695,0.8074,0.4917316579734321,"{'branching': ['V1.7'], 'leaves': [{0: 0.013605442176870748, 1: 0.9863945578231292}, {0: 1.0, 1: 0.0}]}"
1,0.75,0.29,1,tree,lasso,40.645143627127695,0.8079,0.4917316579734321,"{'branching': ['V1.7'], 'leaves': [{0: 0.013605442176870748, 1: 0.9863945578231292}, {0: 1.0, 1: 0.0}]}"
1,0.75,0.29,1,log,linear,40.645143627127695,0.806,0.4917316579734321,"{'branching': ['V1.7'], 'leaves': [{0: 0.013605442176870748, 1: 0.9863945578231292}, {0: 1.0, 1: 0.0}]}"
1,0.75,0.29,1,log,lasso,131.56799925340863,0.6344,0.4826393724108025,"{'branching': ['V2.3'], 'leaves': [{0: 1.0, 1: 0.0}, {0: 0.006849315068493249, 1: 0.9931506849315067}]}"
1,0.75,0.3,1,tree,linear,40.69110920239607,0.8082,0.4917270614159029,"{'branching': ['V1.7'], 'leaves': [{0: 0.0, 1: 1.0}, {0: 0.9915014164305949, 1: 0.008498583569405138}]}"
1,0.75,0.3,1,tree,lasso,38.72832714295491,0.8103,0.4919233396218481,"{'branching': ['V1.7'], 'leaves': [{0: 0.0, 1: 1.0}, {0: 1.0, 1: 0.0}]}"
1,0.75,0.3,1,log,linear,40.69110920239607,0.8075,0.4917270614159029,"{'branching': ['V1.7'], 'leaves': [{0: 0.0, 1: 1.0}, {0: 0.9915014164305949, 1: 0.008498583569405138}]}"
1,0.75,0.3,1,log,lasso,131.23664518805515,0.6355,0.4826725078173398,"{'branching': ['V2.3'], 'leaves': [{0: 1.0, 1: 0.0}, {0: 0.0, 1: 1.0}]}"
1,0.75,0.31,1,tree,linear,43.962412634798,0.8029,0.4913999310726648,"{'branching': ['V1.7'], 'leaves': [{0: 0.0, 1: 1.0}, {0: 0.9773371104815864, 1: 0.022662889518413554}]}"
1,0.75,0.31,1,tree,lasso,38.72832714295544,0.8103,0.4919233396218481,"{'branching': ['V1.7'], 'leaves': [{0: 0.0, 1: 1.0}, {0: 0.9999999999999999, 1: 0.0}]}"
1,0.75,0.31,1,log,linear,43.962412634798,0.8002,0.4913999310726648,"{'branching': ['V1.7'], 'leaves': [{0: 0.0, 1: 1.0}, {0: 0.9773371104815864, 1: 0.022662889518413554}]}"
1,0.75,0.31,1,log,lasso,131.23664518805515,0.6355,0.4826725078173398,"{'branching': ['V2.3'], 'leaves': [{0: 1.0, 1: 0.0}, {0: 0.0, 1: 1.0}]}"
1,0.75,0.32,1,tree,linear,47.23371606719995,0.7969,0.4910728007294239,"{'branching': ['V1.7'], 'leaves': [{0: 0.0, 1: 1.0}, {0: 0.9631728045325778, 1: 0.03682719546742219}]}"
1,0.75,0.32,1,tree,lasso,38.72832714295491,0.8103,0.4919233396218481,"{'branching': ['V1.7'], 'leaves': [{0: 0.0, 1: 1.0}, {0: 1.0, 1: 0.0}]}"
1,0.75,0.32,1,log,linear,47.23371606719993,0.7955,0.491072800729424,"{'branching': ['V1.7'], 'leaves': [{0: 0.0, 1: 1.0}, {0: 0.9631728045325779, 1: 0.03682719546742208}]}"
1,0.75,0.32,1,log,lasso,131.23664518805515,0.6355,0.4826725078173398,"{'branching': ['V2.3'], 'leaves': [{0: 1.0, 1: 0.0}, {0: 0.0, 1: 1.0}]}"
1,0.75,0.33,1,tree,linear,50.505019499601815,0.7904,0.4907456703861838,"{'branching': ['V1.7'], 'leaves': [{0: 0.0, 1: 1.0}, {0: 0.9490084985835696, 1: 0.050991501416430385}]}"
1,0.75,0.33,1,tree,lasso,38.72832714295491,0.8103,0.4919233396218481,"{'branching': ['V1.7'], 'leaves': [{0: 0.0, 1: 1.0}, {0: 1.0, 1: 0.0}]}"
1,0.75,0.33,1,log,linear,50.5050194996019,0.7914,0.4907456703861838,"{'branching': ['V1.7'], 'leaves': [{0: 0.0, 1: 1.0}, {0: 0.9490084985835693, 1: 0.05099150141643072}]}"
1,0.75,0.33,1,log,lasso,131.23664518805515,0.6355,0.4826725078173398,"{'branching': ['V2.3'], 'leaves': [{0: 1.0, 1: 0.0}, {0: 0.0, 1: 1.0}]}"
1,0.75,0.34,1,tree,linear,53.776322932003794,0.7891,0.4904185400429438,"{'branching': ['V1.7'], 'leaves': [{0: 0.0, 1: 1.0}, {0: 0.9348441926345609, 1: 0.06515580736543913}]}"
1,0.75,0.34,1,tree,lasso,38.72832714295491,0.8103,0.4919233396218481,"{'branching': ['V1.7'], 'leaves': [{0: 0.0, 1: 1.0}, {0: 1.0, 1: 0.0}]}"
1,0.75,0.34,1,log,linear,53.776322932003794,0.7844,0.4904185400429438,"{'branching': ['V1.7'], 'leaves': [{0: 0.0, 1: 1.0}, {0: 0.9348441926345609, 1: 0.06515580736543913}]}"
1,0.75,0.34,1,log,lasso,136.2408482129484,0.6313,0.4821720875148481,"{'branching': ['V2.4'], 'leaves': [{0: 1.0, 1: 0.0}, {0: 0.1282051282051282, 1: 0.8717948717948718}]}"
1,0.75,0.35,1,tree,linear,44.90375850666336,0.8095,0.4913057964854773,"{'branching': ['V1.6'], 'leaves': [{0: 0.10714285714285714, 1: 0.8928571428571429}, {0: 1.0, 1: 0.0}]}"
1,0.75,0.35,1,tree,lasso,44.903758506663394,0.8065,0.4913057964854773,"{'branching': ['V1.6'], 'leaves': [{0: 0.10714285714285712, 1: 0.8928571428571429}, {0: 1.0, 1: 0.0}]}"
1,0.75,0.35,1,log,linear,44.90375850666348,0.8075,0.4913057964854773,"{'branching': ['V1.6'], 'leaves': [{0: 0.10714285714285708, 1: 0.8928571428571429}, {0: 1.0, 1: 0.0}]}"
1,0.75,0.35,1,log,lasso,134.9651573153984,0.63,0.4822996566046044,"{'branching': ['V2.4'], 'leaves': [{0: 1.0, 1: 0.0}, {0: 0.10256410256410257, 1: 0.8974358974358974}]}"
1,0.75,0.36,1,tree,linear,41.05488478600661,0.8153,0.4916906838575431,"{'branching': ['V1.6'], 'leaves': [{0: 0.08163265306122448, 1: 0.9183673469387755}, {0: 1.0, 1: 0.0}]}"
1,0.75,0.36,1,tree,lasso,41.05488478600661,0.817,0.4916906838575431,"{'branching': ['V1.6'], 'leaves': [{0: 0.08163265306122448, 1: 0.9183673469387755}, {0: 1.0, 1: 0.0}]}"
1,0.75,0.36,1,log,linear,41.054884786006525,0.8149,0.4916906838575431,"{'branching': ['V1.6'], 'leaves': [{0: 0.0816326530612244, 1: 0.9183673469387756}, {0: 1.0, 1: 0.0}]}"
1,0.75,0.36,1,log,lasso,133.68946641784808,0.6323,0.482427225694358,"{'branching': ['V2.4'], 'leaves': [{0: 1.0, 1: 0.0}, {0: 0.07692307692307704, 1: 0.923076923076923}]}"
1,0.75,0.37,1,tree,linear,37.20601106534983,0.8217,0.492075571229608,"{'branching': ['V1.6'], 'leaves': [{0: 0.05612244897959184, 1: 0.9438775510204082}, {0: 1.0, 1: 0.0}]}"
1,0.75,0.37,1,tree,lasso,37.20601106534983,0.8238,0.492075571229608,"{'branching': ['V1.6'], 'leaves': [{0: 0.05612244897959184, 1: 0.9438775510204082}, {0: 1.0, 1: 0.0}]}"
1,0.75,0.37,1,log,linear,37.20601106534983,0.8206,0.492075571229608,"{'branching': ['V1.6'], 'leaves': [{0: 0.05612244897959184, 1: 0.9438775510204082}, {0: 1.0, 1: 0.0}]}"
1,0.75,0.37,1,log,lasso,132.4137755202981,0.6355,0.4825547947841134,"{'branching': ['V2.4'], 'leaves': [{0: 1.0, 1: 0.0}, {0: 0.05128205128205129, 1: 0.9487179487179487}]}"
1,0.75,0.38,1,tree,linear,33.357137344693065,0.8291,0.492460458601675,"{'branching': ['V1.6'], 'leaves': [{0: 0.03061224489795918, 1: 0.9693877551020408}, {0: 1.0, 1: 0.0}]}"
1,0.75,0.38,1,tree,lasso,33.357137344693065,0.8297,0.492460458601675,"{'branching': ['V1.6'], 'leaves': [{0: 0.03061224489795918, 1: 0.9693877551020408}, {0: 1.0, 1: 0.0}]}"
1,0.75,0.38,1,log,linear,33.35713734469306,0.8301,0.492460458601675,"{'branching': ['V1.6'], 'leaves': [{0: 0.030612244897959183, 1: 0.9693877551020408}, {0: 1.0, 1: 0.0}]}"
1,0.75,0.38,1,log,lasso,131.13808462274795,0.6372,0.4826823638738684,"{'branching': ['V2.4'], 'leaves': [{0: 1.0, 1: 0.0}, {0: 0.025641025641025644, 1: 0.9743589743589743}]}"
1,0.75,0.39,1,tree,linear,29.50826362403604,0.8359,0.4928453459737391,"{'branching': ['V1.6'], 'leaves': [{0: 0.005102040816326536, 1: 0.9948979591836735}, {0: 1.0, 1: 0.0}]}"
1,0.75,0.39,1,tree,lasso,29.508263624036054,0.8358,0.4928453459737391,"{'branching': ['V1.6'], 'leaves': [{0: 0.00510204081632653, 1: 0.9948979591836735}, {0: 1.0, 1: 0.0}]}"
1,0.75,0.39,1,log,linear,29.50826362403615,0.8361,0.4928453459737391,"{'branching': ['V1.6'], 'leaves': [{0: 0.005102040816326481, 1: 0.9948979591836735}, {0: 1.0, 1: 0.0}]}"
1,0.75,0.39,1,log,lasso,129.86239372519782,0.6375,0.4828099329636253,"{'branching': ['V2.4'], 'leaves': [{0: 1.0, 1: 0.0}, {0: 0.0, 1: 1.0}]}"
1,0.75,0.4,1,tree,linear,31.908802835044654,0.8312,0.49260529205264,"{'branching': ['V1.6'], 'leaves': [{0: 0.0, 1: 1.0}, {0: 0.9868421052631577, 1: 0.013157894736842257}]}"
1,0.75,0.4,1,tree,lasso,28.7384888799048,0.8373,0.4929223234481531,"{'branching': ['V1.6'], 'leaves': [{0: 0.0, 1: 1.0}, {0: 1.0, 1: 0.0}]}"
1,0.75,0.4,1,log,linear,31.90880283504463,0.832,0.49260529205264,"{'branching': ['V1.6'], 'leaves': [{0: 0.0, 1: 1.0}, {0: 0.9868421052631579, 1: 0.013157894736842146}]}"
1,0.75,0.4,1,log,lasso,129.86239372519782,0.6375,0.4828099329636253,"{'branching': ['V2.4'], 'leaves': [{0: 1.0, 1: 0.0}, {0: 0.0, 1: 1.0}]}"
2,0.75,0.05,1,tree,linear,231.20788414586264,0.4671,0.4582000373472165,"{'branching': ['V1.9'], 'leaves': [{0: 0.5833333333333333, 1: 0.41666666666666674}, {0: 1.0, 1: 0.0}]}"
2,0.75,0.05,1,tree,lasso,231.20788414586264,0.4693,0.4582000373472165,"{'branching': ['V1.9'], 'leaves': [{0: 0.5833333333333334, 1: 0.41666666666666663}, {0: 1.0, 1: 0.0}]}"
2,0.75,0.05,1,log,linear,231.2078841458627,0.4689,0.4582000373472165,"{'branching': ['V1.9'], 'leaves': [{0: 0.5833333333333335, 1: 0.4166666666666665}, {0: 1.0, 1: 0.0}]}"
2,0.75,0.05,1,log,lasso,236.5612589557849,0.4673,0.4576646998662236,"{'branching': ['V1.8'], 'leaves': [{0: 0.7727272727272727, 1: 0.22727272727272732}, {0: 1.0, 1: 0.0}]}"
2,0.75,0.06,1,tree,lasso,222.6176264624248,0.4791,0.4590590631155601,"{'branching': ['V1.9'], 'leaves': [{0: 0.5000000000000001, 1: 0.5}, {0: 1.0, 1: 0.0}]}"
2,0.75,0.06,1,log,linear,222.6176264624248,0.4768,0.4590590631155601,"{'branching': ['V1.9'], 'leaves': [{0: 0.5000000000000001, 1: 0.4999999999999999}, {0: 1.0, 1: 0.0}]}"
2,0.75,0.06,1,log,lasso,229.0416762343316,0.483,0.4584166581383689,"{'branching': ['V1.8'], 'leaves': [{0: 0.7272727272727274, 1: 0.2727272727272726}, {0: 1.0, 1: 0.0}]}"
2,0.75,0.07,1,tree,linear,214.027368778987,0.4887,0.4599180888839032,"{'branching': ['V1.9'], 'leaves': [{0: 0.4166666666666667, 1: 0.5833333333333333}, {0: 1.0, 1: 0.0}]}"
2,0.75,0.07,1,tree,lasso,214.027368778987,0.4875,0.4599180888839032,"{'branching': ['V1.9'], 'leaves': [{0: 0.4166666666666667, 1: 0.5833333333333333}, {0: 1.0, 1: 0.0}]}"
2,0.75,0.07,1,log,linear,214.027368778987,0.4887,0.4599180888839032,"{'branching': ['V1.9'], 'leaves': [{0: 0.4166666666666667, 1: 0.5833333333333333}, {0: 1.0, 1: 0.0}]}"
2,0.75,0.07,1,log,lasso,221.52209351287863,0.4866,0.4591686164105139,"{'branching': ['V1.8'], 'leaves': [{0: 0.681818181818181, 1: 0.31818181818181857}, {0: 1.0, 1: 0.0}]}"
2,0.75,0.08,1,tree,linear,205.43711109554917,0.4971,0.4607771146522474,"{'branching': ['V1.9'], 'leaves': [{0: 0.3333333333333333, 1: 0.6666666666666667}, {0: 1.0, 1: 0.0}]}"
2,0.75,0.08,1,tree,lasso,205.43711109554908,0.4965,0.4607771146522474,"{'branching': ['V1.9'], 'leaves': [{0: 0.33333333333333337, 1: 0.6666666666666669}, {0: 1.0, 1: 0.0}]}"
2,0.75,0.08,1,log,linear,205.43711109554917,0.4941,0.4607771146522474,"{'branching': ['V1.9'], 'leaves': [{0: 0.3333333333333333, 1: 0.6666666666666667}, {0: 1.0, 1: 0.0}]}"
2,0.75,0.08,1,log,lasso,214.00251079142495,0.4998,0.4599205746826591,"{'branching': ['V1.8'], 'leaves': [{0: 0.6363636363636365, 1: 0.36363636363636354}, {0: 1.0, 1: 0.0}]}"
2,0.75,0.09,1,tree,linear,196.8468534121114,0.5045,0.4616361404205911,"{'branching': ['V1.9'], 'leaves': [{0: 0.25, 1: 0.75}, {0: 1.0, 1: 0.0}]}"
2,0.75,0.09,1,tree,lasso,196.8468534121114,0.5033,0.4616361404205911,"{'branching': ['V1.9'], 'leaves': [{0: 0.25000000000000006, 1: 0.75}, {0: 1.0, 1: 0.0}]}"
2,0.75,0.09,1,log,linear,196.8468534121114,0.5016,0.4616361404205911,"{'branching': ['V1.9'], 'leaves': [{0: 0.25, 1: 0.75}, {0: 1.0, 1: 0.0}]}"
2,0.75,0.09,1,log,lasso,206.4829280699716,0.5112,0.4606725329548051,"{'branching': ['V1.8'], 'leaves': [{0: 0.5909090909090909, 1: 0.40909090909090906}, {0: 1.0, 1: 0.0}]}"
2,0.75,0.1,1,tree,linear,188.2565957286736,0.5109,0.4624951661889351,"{'branching': ['V1.9'], 'leaves': [{0: 0.16666666666666666, 1: 0.8333333333333334}, {0: 1.0, 1: 0.0}]}"
2,0.75,0.1,1,tree,lasso,188.25659572867357,0.5112,0.4624951661889351,"{'branching': ['V1.9'], 'leaves': [{0: 0.1666666666666663, 1: 0.8333333333333337}, {0: 1.0, 1: 0.0}]}"
2,0.75,0.1,1,log,linear,188.2565957286736,0.5142,0.4624951661889351,"{'branching': ['V1.9'], 'leaves': [{0: 0.16666666666666666, 1: 0.8333333333333334}, {0: 1.0, 1: 0.0}]}"
2,0.75,0.1,1,log,lasso,198.96334534851823,0.5143,0.4614244912269507,"{'branching': ['V1.8'], 'leaves': [{0: 0.5454545454545455, 1: 0.4545454545454545}, {0: 1.0, 1: 0.0}]}"
2,0.75,0.11,1,tree,linear,179.66633804523582,0.5211,0.4633541919572795,"{'branching': ['V1.9'], 'leaves': [{0: 0.08333333333333334, 1: 0.9166666666666666}, {0: 1.0, 1: 0.0}]}"
2,0.75,0.11,1,tree,lasso,179.6663380452366,0.5199,0.4633541919572795,"{'branching': ['V1.9'], 'leaves': [{0: 0.08333333333333359, 1: 0.9166666666666665}, {0: 0.9999999999999998, 1: 0.0}]}"
2,0.75,0.11,1,log,linear,179.66633804523582,0.5216,0.4633541919572795,"{'branching': ['V1.9'], 'leaves': [{0: 0.08333333333333333, 1: 0.9166666666666666}, {0: 1.0, 1: 0.0}]}"
2,0.75,0.12,1,tree,linear,171.07608036179798,0.53,0.4642132177256226,"{'branching': ['V1.9'], 'leaves': [{0: 0.0, 1: 1.0}, {0: 1.0, 1: 0.0}]}"
2,0.75,0.12,1,tree,lasso,171.07608036179806,0.53,0.4642132177256226,"{'branching': ['V1.9'], 'leaves': [{0: 0.0, 1: 0.9999999999999999}, {0: 1.0, 1: 0.0}]}"
2,0.75,0.12,1,log,linear,171.07608036179798,0.53,0.4642132177256226,"{'branching': ['V1.9'], 'leaves': [{0: 0.0, 1: 1.0}, {0: 1.0, 1: 0.0}]}"
2,0.75,0.12,1,log,lasso,183.9241799056116,0.537,0.4629284077712411,"{'branching': ['V1.8'], 'leaves': [{0: 0.45454545454545453, 1: 0.5454545454545454}, {0: 1.0, 1: 0.0}]}"
2,0.75,0.13,1,tree,linear,171.1211567332527,0.5308,0.4642087100884779,"{'branching': ['V1.9'], 'leaves': [{0: 0.0, 1: 1.0}, {0: 0.9886363636363636, 1: 0.011363636363636354}]}"
2,0.75,0.13,1,tree,lasso,171.1211567332527,0.5307,0.4642087100884779,"{'branching': ['V1.9'], 'leaves': [{0: 0.0, 1: 1.0}, {0: 0.9886363636363636, 1: 0.011363636363636354}]}"
2,0.75,0.13,1,log,linear,171.1211567332527,0.5307,0.4642087100884779,"{'branching': ['V1.9'], 'leaves': [{0: 0.0, 1: 1.0}, {0: 0.9886363636363636, 1: 0.011363636363636354}]}"
2,0.75,0.13,1,log,lasso,176.40459718415832,0.5475,0.4636803660433874,"{'branching': ['V1.8'], 'leaves': [{0: 0.4090909090909091, 1: 0.5909090909090908}, {0: 1.0, 1: 0.0}]}"
2,0.75,0.14,1,tree,linear,171.16623310470737,0.5312,0.4642042024513318,"{'branching': ['V1.9'], 'leaves': [{0: 0.0, 1: 1.0}, {0: 0.9772727272727272, 1: 0.022727272727272818}]}"
2,0.75,0.14,1,tree,lasso,171.16623310470743,0.5322,0.4642042024513319,"{'branching': ['V1.9'], 'leaves': [{0: 0.0, 1: 1.0}, {0: 0.9772727272727275, 1: 0.022727272727272485}]}"
2,0.75,0.14,1,log,linear,171.16623310470789,0.5302,0.4642042024513318,"{'branching': ['V1.9'], 'leaves': [{0: 0.0, 1: 1.0}, {0: 0.9772727272727272, 1: 0.0227272727272727}]}"
2,0.75,0.14,1,log,lasso,168.88501446270487,0.5543,0.4644323243155323,"{'branching': ['V1.8'], 'leaves': [{0: 0.36363636363636365, 1: 0.6363636363636364}, {0: 1.0, 1: 0.0}]}"
2,0.75,0.15,1,tree,linear,161.36543174125148,0.5652,0.4651842825876772,"{'branching': ['V1.8'], 'leaves': [{0: 0.3181818181818182, 1: 0.6818181818181819}, {0: 1.0, 1: 0.0}]}"
2,0.75,0.15,1,tree,lasso,171.21130947616214,0.5321,0.4641996948141855,"{'branching': ['V1.9'], 'leaves': [{0: 0.0, 1: 1.0}, {0: 0.9659090909090909, 1: 0.03409090909090906}]}"
2,0.75,0.15,1,log,linear,171.21130947616214,0.5343,0.4641996948141855,"{'branching': ['V1.9'], 'leaves': [{0: 0.0, 1: 1.0}, {0: 0.9659090909090909, 1: 0.03409090909090906}]}"
2,0.75,0.15,1,log,lasso,161.36543174125148,0.5697,0.4651842825876772,"{'branching': ['V1.8'], 'leaves': [{0: 0.3181818181818182, 1: 0.6818181818181819}, {0: 1.0, 1: 0.0}]}"
2,0.75,0.16,1,tree,linear,153.84584901979818,0.5746,0.4659362408598222,"{'branching': ['V1.8'], 'leaves': [{0: 0.2727272727272727, 1: 0.7272727272727273}, {0: 1.0, 1: 0.0}]}"
2,0.75,0.16,1,tree,lasso,153.84584901979818,0.5759,0.4659362408598222,"{'branching': ['V1.8'], 'leaves': [{0: 0.2727272727272727, 1: 0.7272727272727273}, {0: 1.0, 1: 0.0}]}"
2,0.75,0.16,1,log,linear,153.84584901979818,0.5731,0.4659362408598222,"{'branching': ['V1.8'], 'leaves': [{0: 0.2727272727272727, 1: 0.7272727272727273}, {0: 1.0, 1: 0.0}]}"
2,0.75,0.16,1,log,lasso,153.84584901979818,0.5742,0.4659362408598222,"{'branching': ['V1.8'], 'leaves': [{0: 0.2727272727272727, 1: 0.7272727272727273}, {0: 1.0, 1: 0.0}]}"
2,0.75,0.17,1,tree,linear,146.3262662983449,0.5803,0.4666881991319688,"{'branching': ['V1.8'], 'leaves': [{0: 0.22727272727272727, 1: 0.7727272727272727}, {0: 1.0, 1: 0.0}]}"
2,0.75,0.17,1,tree,lasso,146.32626629834485,0.5843,0.4666881991319688,"{'branching': ['V1.8'], 'leaves': [{0: 0.22727272727272718, 1: 0.7727272727272728}, {0: 1.0, 1: 0.0}]}"
2,0.75,0.17,1,log,linear,146.3262662983447,0.5855,0.4666881991319688,"{'branching': ['V1.8'], 'leaves': [{0: 0.2272727272727273, 1: 0.7727272727272728}, {0: 1.0, 1: 0.0}]}"
2,0.75,0.17,1,log,lasso,146.3262662983447,0.5826,0.4666881991319688,"{'branching': ['V1.8'], 'leaves': [{0: 0.22727272727272746, 1: 0.7727272727272725}, {0: 1.0, 1: 8.326672684688674e-17}]}"
2,0.75,0.18,1,tree,linear,138.8066835768916,0.5917,0.4674401574041137,"{'branching': ['V1.8'], 'leaves': [{0: 0.18181818181818182, 1: 0.8181818181818181}, {0: 1.0, 1: 0.0}]}"
2,0.75,0.18,1,tree,lasso,138.80668357689197,0.5942,0.467440157404114,"{'branching': ['V1.8'], 'leaves': [{0: 0.18181818181818188, 1: 0.8181818181818182}, {0: 0.9999999999999999, 1: 2.7755575615628914e-17}]}"
2,0.75,0.18,1,log,linear,138.8066835768916,0.5925,0.4674401574041137,"{'branching': ['V1.8'], 'leaves': [{0: 0.18181818181818182, 1: 0.8181818181818181}, {0: 1.0, 1: 0.0}]}"
2,0.75,0.18,1,log,lasso,138.8066835768915,0.5941,0.467440157404114,"{'branching': ['V1.8'], 'leaves': [{0: 0.18181818181818177, 1: 0.8181818181818182}, {0: 1.0, 1: 0.0}]}"
2,0.75,0.19,1,tree,linear,131.28710085543815,0.6031,0.4681921156762592,"{'branching': ['V1.8'], 'leaves': [{0: 0.13636363636363635, 1: 0.8636363636363636}, {0: 1.0, 1: 0.0}]}"
2,0.75,0.19,1,tree,lasso,131.2871008554381,0.6039,0.4681921156762592,"{'branching': ['V1.8'], 'leaves': [{0: 0.13636363636363616, 1: 0.8636363636363639}, {0: 1.0, 1: 0.0}]}"
2,0.75,0.19,1,log,linear,131.28710085543815,0.6022,0.4681921156762592,"{'branching': ['V1.8'], 'leaves': [{0: 0.13636363636363635, 1: 0.8636363636363636}, {0: 1.0, 1: 0.0}]}"
2,0.75,0.19,1,log,lasso,131.28710085543815,0.6032,0.4681921156762592,"{'branching': ['V1.8'], 'leaves': [{0: 0.13636363636363635, 1: 0.8636363636363636}, {0: 1.0, 1: 0.0}]}"
2,0.75,0.2,1,tree,linear,123.76751813398486,0.6136,0.4689440739484039,"{'branching': ['V1.8'], 'leaves': [{0: 0.09090909090909091, 1: 0.9090909090909091}, {0: 1.0, 1: 0.0}]}"
2,0.75,0.2,1,tree,lasso,123.76751813398482,0.6134,0.4689440739484039,"{'branching': ['V1.8'], 'leaves': [{0: 0.09090909090909095, 1: 0.9090909090909091}, {0: 1.0, 1: 0.0}]}"
2,0.75,0.2,1,log,linear,123.76751813398486,0.6099,0.4689440739484039,"{'branching': ['V1.8'], 'leaves': [{0: 0.09090909090909091, 1: 0.9090909090909091}, {0: 1.0, 1: 0.0}]}"
2,0.75,0.2,1,log,lasso,123.76751813398482,0.6135,0.4689440739484039,"{'branching': ['V1.8'], 'leaves': [{0: 0.09090909090909083, 1: 0.9090909090909092}, {0: 1.0, 1: 0.0}]}"
2,0.75,0.21,1,tree,linear,116.24793541253143,0.6235,0.4696960322205492,"{'branching': ['V1.8'], 'leaves': [{0: 0.045454545454545456, 1: 0.9545454545454546}, {0: 1.0, 1: 0.0}]}"
2,0.75,0.21,1,tree,lasso,116.24793541253143,0.6235,0.4696960322205492,"{'branching': ['V1.8'], 'leaves': [{0: 0.045454545454545324, 1: 0.9545454545454547}, {0: 1.0, 1: 0.0}]}"
2,0.75,0.21,1,log,linear,116.24793541253143,0.6205,0.4696960322205492,"{'branching': ['V1.8'], 'leaves': [{0: 0.045454545454545456, 1: 0.9545454545454546}, {0: 1.0, 1: 0.0}]}"
2,0.75,0.21,1,log,lasso,116.24793541253143,0.6224,0.4696960322205492,"{'branching': ['V1.8'], 'leaves': [{0: 0.045454545454545456, 1: 0.9545454545454546}, {0: 1.0, 1: 0.0}]}"
2,0.75,0.22,1,tree,linear,108.72835269107811,0.6312,0.470447990492695,"{'branching': ['V1.8'], 'leaves': [{0: 0.0, 1: 1.0}, {0: 1.0, 1: 0.0}]}"
2,0.75,0.22,1,tree,lasso,108.72835269107811,0.6312,0.470447990492695,"{'branching': ['V1.8'], 'leaves': [{0: 0.0, 1: 1.0}, {0: 1.0, 1: 0.0}]}"
2,0.75,0.22,1,log,linear,108.72835269107811,0.6312,0.470447990492695,"{'branching': ['V1.8'], 'leaves': [{0: 0.0, 1: 1.0}, {0: 1.0, 1: 0.0}]}"
2,0.75,0.22,1,log,lasso,108.72835269107811,0.6312,0.470447990492695,"{'branching': ['V1.8'], 'leaves': [{0: 0.0, 1: 1.0}, {0: 1.0, 1: 0.0}]}"
2,0.75,0.23,1,tree,linear,108.72835269107811,0.6312,0.470447990492695,"{'branching': ['V1.8'], 'leaves': [{0: 0.0, 1: 1.0}, {0: 1.0, 1: 0.0}]}"
2,0.75,0.23,1,tree,lasso,108.72835269107811,0.6312,0.470447990492695,"{'branching': ['V1.8'], 'leaves': [{0: 0.0, 1: 1.0}, {0: 1.0, 1: 0.0}]}"
2,0.75,0.23,1,log,linear,108.72835269107811,0.6312,0.470447990492695,"{'branching': ['V1.8'], 'leaves': [{0: 0.0, 1: 1.0}, {0: 1.0, 1: 0.0}]}"
2,0.75,0.23,1,log,lasso,138.35673338873733,0.6509,0.4674851524229281,"{'branching': ['V1.6'], 'leaves': [{0: 0.4362745098039216, 1: 0.5637254901960784}, {0: 1.0, 1: 0.0}]}"
2,0.75,0.24,1,tree,linear,108.72835269107811,0.6312,0.470447990492695,"{'branching': ['V1.8'], 'leaves': [{0: 0.0, 1: 1.0}, {0: 1.0, 1: 0.0}]}"
2,0.75,0.24,1,tree,lasso,108.72835269107811,0.6312,0.470447990492695,"{'branching': ['V1.8'], 'leaves': [{0: 0.0, 1: 1.0}, {0: 1.0, 1: 0.0}]}"
2,0.75,0.24,1,log,linear,108.72835269107811,0.6312,0.470447990492695,"{'branching': ['V1.8'], 'leaves': [{0: 0.0, 1: 1.0}, {0: 1.0, 1: 0.0}]}"
2,0.75,0.24,1,log,lasso,132.45227951159322,0.6568,0.4680755978106444,"{'branching': ['V1.6'], 'leaves': [{0: 0.4117647058823529, 1: 0.5882352941176471}, {0: 1.0, 1: 0.0}]}"
2,0.75,0.25,1,tree,linear,108.72835269107811,0.6312,0.470447990492695,"{'branching': ['V1.8'], 'leaves': [{0: 0.0, 1: 1.0}, {0: 1.0, 1: 0.0}]}"
2,0.75,0.25,1,tree,lasso,101.1220066758913,0.6756,0.4712086250942124,"{'branching': ['V1.7'], 'leaves': [{0: 0.17763157894736845, 1: 0.8223684210526315}, {0: 1.0, 1: 0.0}]}"
2,0.75,0.25,1,log,linear,108.72835269107811,0.6312,0.470447990492695,"{'branching': ['V1.8'], 'leaves': [{0: 0.0, 1: 1.0}, {0: 1.0, 1: 0.0}]}"
2,0.75,0.25,1,log,lasso,126.54782563444914,0.667,0.4686660431983568,"{'branching': ['V1.6'], 'leaves': [{0: 0.3872549019607844, 1: 0.6127450980392156}, {0: 1.0, 1: 0.0}]}"
2,0.75,0.26,1,tree,linear,94.20052004040484,0.6851,0.471900773757763,"{'branching': ['V1.7'], 'leaves': [{0: 0.14473684210526316, 1: 0.8552631578947368}, {0: 1.0, 1: 0.0}]}"
2,0.75,0.26,1,tree,lasso,94.20052004040494,0.6873,0.471900773757763,"{'branching': ['V1.7'], 'leaves': [{0: 0.14473684210526336, 1: 0.8552631578947366}, {0: 1.0, 1: 0.0}]}"
2,0.75,0.26,1,log,linear,94.20052004040484,0.6874,0.471900773757763,"{'branching': ['V1.7'], 'leaves': [{0: 0.14473684210526316, 1: 0.8552631578947368}, {0: 1.0, 1: 0.0}]}"
2,0.75,0.26,1,log,lasso,120.64337175730466,0.6757,0.469256488586071,"{'branching': ['V1.6'], 'leaves': [{0: 0.3627450980392158, 1: 0.6372549019607844}, {0: 1.0, 1: 0.0}]}"
2,0.75,0.27,1,tree,linear,87.27903340491835,0.6951,0.4725929224213107,"{'branching': ['V1.7'], 'leaves': [{0: 0.1118421052631579, 1: 0.8881578947368421}, {0: 1.0, 1: 0.0}]}"
2,0.75,0.27,1,tree,lasso,87.27903340491844,0.6961,0.4725929224213107,"{'branching': ['V1.7'], 'leaves': [{0: 0.11184210526315796, 1: 0.888157894736842}, {0: 1.0, 1: 0.0}]}"
2,0.75,0.27,1,log,linear,87.27903340491835,0.6936,0.4725929224213107,"{'branching': ['V1.7'], 'leaves': [{0: 0.1118421052631579, 1: 0.8881578947368421}, {0: 1.0, 1: 0.0}]}"
2,0.75,0.27,1,log,lasso,114.7389178801613,0.6889,0.4698469339737853,"{'branching': ['V1.6'], 'leaves': [{0: 0.33823529411764697, 1: 0.661764705882353}, {0: 0.9999999999999999, 1: 5.551115123125783e-17}]}"
2,0.75,0.28,1,tree,linear,80.35754676943205,0.7053,0.4732850710848598,"{'branching': ['V1.7'], 'leaves': [{0: 0.07894736842105263, 1: 0.9210526315789473}, {0: 1.0, 1: 0.0}]}"
2,0.75,0.28,1,tree,lasso,80.35754676943186,0.7081,0.4732850710848599,"{'branching': ['V1.7'], 'leaves': [{0: 0.07894736842105263, 1: 0.9210526315789475}, {0: 1.0, 1: 0.0}]}"
2,0.75,0.28,1,log,linear,80.35754676943205,0.7065,0.4732850710848598,"{'branching': ['V1.7'], 'leaves': [{0: 0.07894736842105263, 1: 0.9210526315789473}, {0: 1.0, 1: 0.0}]}"
2,0.75,0.28,1,log,lasso,108.83446400301683,0.6918,0.4704373793614999,"{'branching': ['V1.6'], 'leaves': [{0: 0.3137254901960784, 1: 0.6862745098039216}, {0: 1.0, 1: 0.0}]}"
2,0.75,0.29,1,tree,linear,73.43606013394552,0.7147,0.4739772197484072,"{'branching': ['V1.7'], 'leaves': [{0: 0.046052631578947394, 1: 0.9539473684210527}, {0: 1.0, 1: 0.0}]}"
2,0.75,0.29,1,tree,lasso,73.43606013394555,0.7187,0.4739772197484072,"{'branching': ['V1.7'], 'leaves': [{0: 0.046052631578947366, 1: 0.9539473684210527}, {0: 1.0, 1: 0.0}]}"
2,0.75,0.29,1,log,linear,73.43606013394555,0.7164,0.4739772197484072,"{'branching': ['V1.7'], 'leaves': [{0: 0.046052631578947366, 1: 0.9539473684210527}, {0: 1.0, 1: 0.0}]}"
2,0.75,0.29,1,log,lasso,102.93001012587284,0.7076,0.4710278247492156,"{'branching': ['V1.6'], 'leaves': [{0: 0.28921568627450983, 1: 0.7107843137254901}, {0: 1.0, 1: 0.0}]}"
2,0.75,0.3,1,tree,linear,66.51457349845924,0.7268,0.4746693684119577,"{'branching': ['V1.7'], 'leaves': [{0: 0.013157894736842105, 1: 0.9868421052631579}, {0: 1.0, 1: 0.0}]}"
2,0.75,0.3,1,tree,lasso,66.51457349845919,0.7272,0.4746693684119578,"{'branching': ['V1.7'], 'leaves': [{0: 0.013157894736842146, 1: 0.9868421052631579}, {0: 1.0, 1: 0.0}]}"
2,0.75,0.3,1,log,linear,66.51457349845924,0.7268,0.4746693684119577,"{'branching': ['V1.7'], 'leaves': [{0: 0.013157894736842106, 1: 0.9868421052631579}, {0: 1.0, 1: 0.0}]}"
2,0.75,0.3,1,log,lasso,97.02555624872862,0.7158,0.4716182701369286,"{'branching': ['V1.6'], 'leaves': [{0: 0.26470588235294124, 1: 0.7352941176470588}, {0: 1.0, 1: 0.0}]}"
2,0.75,0.31,1,tree,linear,63.745978844264606,0.7306,0.4749462278773764,"{'branching': ['V1.7'], 'leaves': [{0: 0.0, 1: 1.0}, {0: 1.0, 1: 0.0}]}"
2,0.75,0.31,1,tree,lasso,63.745978844264606,0.7306,0.4749462278773764,"{'branching': ['V1.7'], 'leaves': [{0: 0.0, 1: 1.0}, {0: 1.0, 1: 0.0}]}"
2,0.75,0.31,1,log,linear,63.745978844264606,0.7306,0.4749462278773764,"{'branching': ['V1.7'], 'leaves': [{0: 0.0, 1: 1.0}, {0: 1.0, 1: 0.0}]}"
2,0.75,0.31,1,log,lasso,91.12110237158458,0.7205,0.4722087155246434,"{'branching': ['V1.6'], 'leaves': [{0: 0.24019607843137256, 1: 0.7598039215686274}, {0: 1.0, 1: 0.0}]}"
2,0.75,0.32,1,tree,linear,63.745978844264606,0.7306,0.4749462278773764,"{'branching': ['V1.7'], 'leaves': [{0: 0.0, 1: 1.0}, {0: 1.0, 1: 0.0}]}"
2,0.75,0.32,1,tree,lasso,63.745978844264606,0.7306,0.4749462278773764,"{'branching': ['V1.7'], 'leaves': [{0: 0.0, 1: 1.0}, {0: 1.0, 1: 0.0}]}"
2,0.75,0.32,1,log,linear,63.745978844264606,0.7306,0.4749462278773764,"{'branching': ['V1.7'], 'leaves': [{0: 0.0, 1: 1.0}, {0: 1.0, 1: 0.0}]}"
2,0.75,0.32,1,log,lasso,85.21664849444055,0.7361,0.4727991609123586,"{'branching': ['V1.6'], 'leaves': [{0: 0.215686274509804, 1: 0.784313725490196}, {0: 1.0, 1: 0.0}]}"
2,0.75,0.33,1,tree,linear,63.745978844264606,0.7306,0.4749462278773764,"{'branching': ['V1.7'], 'leaves': [{0: 0.0, 1: 1.0}, {0: 1.0, 1: 0.0}]}"
2,0.75,0.33,1,tree,lasso,63.745978844264606,0.7306,0.4749462278773764,"{'branching': ['V1.7'], 'leaves': [{0: 0.0, 1: 1.0}, {0: 1.0, 1: 0.0}]}"
2,0.75,0.33,1,log,linear,63.745978844264606,0.7306,0.4749462278773764,"{'branching': ['V1.7'], 'leaves': [{0: 0.0, 1: 1.0}, {0: 1.0, 1: 0.0}]}"
2,0.75,0.33,1,log,lasso,79.31219461729631,0.7438,0.4733896063000719,"{'branching': ['V1.6'], 'leaves': [{0: 0.19117647058823528, 1: 0.8088235294117647}, {0: 1.0, 1: 0.0}]}"
2,0.75,0.34,1,tree,linear,63.745978844264606,0.7306,0.4749462278773764,"{'branching': ['V1.7'], 'leaves': [{0: 0.0, 1: 1.0}, {0: 1.0, 1: 0.0}]}"
2,0.75,0.34,1,tree,lasso,73.40774074015214,0.7552,0.4739800516877876,"{'branching': ['V1.6'], 'leaves': [{0: 0.16666666666666666, 1: 0.8333333333333334}, {0: 1.0, 1: 0.0}]}"
2,0.75,0.34,1,log,linear,63.745978844264606,0.7306,0.4749462278773764,"{'branching': ['V1.7'], 'leaves': [{0: 0.0, 1: 1.0}, {0: 1.0, 1: 0.0}]}"
2,0.75,0.34,1,log,lasso,73.40774074015219,0.757,0.4739800516877876,"{'branching': ['V1.6'], 'leaves': [{0: 0.16666666666666663, 1: 0.8333333333333334}, {0: 1.0, 1: 0.0}]}"
2,0.75,0.35,1,tree,linear,63.745978844264606,0.7306,0.4749462278773764,"{'branching': ['V1.7'], 'leaves': [{0: 0.0, 1: 1.0}, {0: 1.0, 1: 0.0}]}"
2,0.75,0.35,1,tree,lasso,67.50328686300811,0.7689,0.4745704970754997,"{'branching': ['V1.6'], 'leaves': [{0: 0.1421568627450981, 1: 0.8578431372549019}, {0: 1.0, 1: 0.0}]}"
2,0.75,0.35,1,log,linear,63.745978844264606,0.7306,0.4749462278773764,"{'branching': ['V1.7'], 'leaves': [{0: 0.0, 1: 1.0}, {0: 1.0, 1: 0.0}]}"
2,0.75,0.35,1,log,lasso,67.50328686300817,0.764,0.4745704970754997,"{'branching': ['V1.6'], 'leaves': [{0: 0.14215686274509806, 1: 0.8578431372549019}, {0: 1.0, 1: 0.0}]}"
2,0.75,0.36,1,tree,linear,61.598832985864064,0.7724,0.4751609424632156,"{'branching': ['V1.6'], 'leaves': [{0: 0.11764705882352941, 1: 0.8823529411764706}, {0: 1.0, 1: 0.0}]}"
2,0.75,0.36,1,tree,lasso,61.59883298586401,0.7758,0.4751609424632156,"{'branching': ['V1.6'], 'leaves': [{0: 0.11764705882352944, 1: 0.8823529411764706}, {0: 1.0, 1: 0.0}]}"
2,0.75,0.36,1,log,linear,61.59883298586409,0.7725,0.4751609424632156,"{'branching': ['V1.6'], 'leaves': [{0: 0.1176470588235294, 1: 0.8823529411764706}, {0: 1.0, 1: 0.0}]}"
2,0.75,0.36,1,log,lasso,61.59883298586409,0.7713,0.4751609424632156,"{'branching': ['V1.6'], 'leaves': [{0: 0.1176470588235294, 1: 0.8823529411764706}, {0: 1.0, 1: 0.0}]}"
2,0.75,0.37,1,tree,linear,55.69437910871989,0.783,0.4757513878509297,"{'branching': ['V1.6'], 'leaves': [{0: 0.09313725490196079, 1: 0.9068627450980392}, {0: 1.0, 1: 0.0}]}"
2,0.75,0.37,1,tree,lasso,55.69437910871989,0.7795,0.4757513878509297,"{'branching': ['V1.6'], 'leaves': [{0: 0.09313725490196079, 1: 0.9068627450980392}, {0: 1.0, 1: 0.0}]}"
2,0.75,0.37,1,log,linear,55.69437910871963,0.785,0.4757513878509297,"{'branching': ['V1.6'], 'leaves': [{0: 0.0931372549019608, 1: 0.9068627450980393}, {0: 1.0, 1: 0.0}]}"
2,0.75,0.37,1,log,lasso,55.69437910871989,0.7791,0.4757513878509297,"{'branching': ['V1.6'], 'leaves': [{0: 0.09313725490196079, 1: 0.9068627450980392}, {0: 1.0, 1: 0.0}]}"
2,0.75,0.38,1,tree,linear,49.78992523157574,0.7936,0.4763418332386444,"{'branching': ['V1.6'], 'leaves': [{0: 0.06862745098039216, 1: 0.9313725490196079}, {0: 1.0, 1: 0.0}]}"
2,0.75,0.38,1,tree,lasso,49.78992523157577,0.7893,0.4763418332386444,"{'branching': ['V1.6'], 'leaves': [{0: 0.06862745098039215, 1: 0.9313725490196079}, {0: 1.0, 1: 0.0}]}"
2,0.75,0.38,1,log,linear,49.78992523157577,0.7938,0.4763418332386444,"{'branching': ['V1.6'], 'leaves': [{0: 0.06862745098039215, 1: 0.9313725490196079}, {0: 1.0, 1: 0.0}]}"
2,0.75,0.38,1,log,lasso,49.78992523157577,0.7934,0.4763418332386444,"{'branching': ['V1.6'], 'leaves': [{0: 0.06862745098039215, 1: 0.9313725490196079}, {0: 1.0, 1: 0.0}]}"
2,0.75,0.39,1,tree,linear,43.88547135443159,0.8028,0.4769322786263574,"{'branching': ['V1.6'], 'leaves': [{0: 0.04411764705882353, 1: 0.9558823529411765}, {0: 1.0, 1: 0.0}]}"
2,0.75,0.39,1,tree,lasso,43.88547135443159,0.8024,0.4769322786263574,"{'branching': ['V1.6'], 'leaves': [{0: 0.04411764705882353, 1: 0.9558823529411765}, {0: 1.0, 1: 0.0}]}"
2,0.75,0.39,1,log,linear,43.88547135443159,0.8029,0.4769322786263574,"{'branching': ['V1.6'], 'leaves': [{0: 0.04411764705882353, 1: 0.9558823529411765}, {0: 1.0, 1: 0.0}]}"
2,0.75,0.39,1,log,lasso,43.88547135443144,0.8032,0.4769322786263574,"{'branching': ['V1.6'], 'leaves': [{0: 0.04411764705882361, 1: 0.9558823529411765}, {0: 1.0, 1: 0.0}]}"
2,0.75,0.4,1,tree,linear,37.98101747728797,0.8099,0.4775227240140737,"{'branching': ['V1.6'], 'leaves': [{0: 0.019607843137256255, 1: 0.9803921568627437}, {0: 1.0, 1: 0.0}]}"
2,0.75,0.4,1,tree,lasso,37.981017477287686,0.8114,0.4775227240140737,"{'branching': ['V1.6'], 'leaves': [{0: 0.0196078431372549, 1: 0.9803921568627451}, {0: 1.0, 1: 0.0}]}"
2,0.75,0.4,1,log,linear,37.981017477287686,0.8111,0.4775227240140737,"{'branching': ['V1.6'], 'leaves': [{0: 0.0196078431372549, 1: 0.9803921568627451}, {0: 1.0, 1: 0.0}]}"
2,0.75,0.4,1,log,lasso,37.981017477287686,0.8118,0.4775227240140737,"{'branching': ['V1.6'], 'leaves': [{0: 0.0196078431372549, 1: 0.9803921568627451}, {0: 1.0, 1: 0.0}]}"
3,0.75,0.05,1,tree,linear,186.02830024913607,0.5482,0.5046474734392269,"{'branching': ['V1.9'], 'leaves': [{0: 0.5283018867924528, 1: 0.4716981132075472}, {0: 1.0, 1: 0.0}]}"
3,0.75,0.05,1,tree,lasso,186.02830024913607,0.5473,0.5046474734392269,"{'branching': ['V1.9'], 'leaves': [{0: 0.5283018867924528, 1: 0.4716981132075472}, {0: 1.0, 1: 0.0}]}"
3,0.75,0.05,1,log,linear,186.02830024913635,0.5495,0.5046474734392268,"{'branching': ['V1.9'], 'leaves': [{0: 0.528301886792453, 1: 0.4716981132075469}, {0: 0.9999999999999998, 1: 1.6653345369377348e-16}]}"
3,0.75,0.05,1,log,lasso,222.401121356594,0.5037,0.5010101913284815,"{'branching': ['V1.3'], 'leaves': [{0: 1.0, 1: 0.0}, {0: 1.0, 1: 0.0}]}"
3,0.75,0.06,1,tree,linear,178.75373602764452,0.5567,0.5053749298613767,"{'branching': ['V1.9'], 'leaves': [{0: 0.4339622641509434, 1: 0.5660377358490566}, {0: 1.0, 1: 0.0}]}"
3,0.75,0.06,1,tree,lasso,178.75373602764452,0.5591,0.5053749298613767,"{'branching': ['V1.9'], 'leaves': [{0: 0.4339622641509434, 1: 0.5660377358490566}, {0: 1.0, 1: 0.0}]}"
3,0.75,0.06,1,log,linear,178.75373602764452,0.5603,0.5053749298613767,"{'branching': ['V1.9'], 'leaves': [{0: 0.4339622641509434, 1: 0.5660377358490566}, {0: 1.0, 1: 0.0}]}"
3,0.75,0.06,1,log,lasso,222.401121356594,0.5037,0.5010101913284815,"{'branching': ['V1.1'], 'leaves': [{0: 1.0, 1: 0.0}, {0: 1.0, 1: 0.0}]}"
3,0.75,0.07,1,tree,linear,171.47917180615298,0.5683,0.5061023862835254,"{'branching': ['V1.9'], 'leaves': [{0: 0.3396226415094339, 1: 0.6603773584905661}, {0: 1.0, 1: 0.0}]}"
3,0.75,0.07,1,tree,lasso,171.47917180615298,0.5659,0.5061023862835254,"{'branching': ['V1.9'], 'leaves': [{0: 0.3396226415094339, 1: 0.6603773584905661}, {0: 1.0, 1: 0.0}]}"
3,0.75,0.07,1,log,linear,171.47917180615298,0.5658,0.5061023862835254,"{'branching': ['V1.9'], 'leaves': [{0: 0.33962264150943394, 1: 0.6603773584905661}, {0: 1.0, 1: 0.0}]}"
3,0.75,0.07,1,log,lasso,222.401121356594,0.5037,0.5010101913284815,"{'branching': ['V1.3'], 'leaves': [{0: 1.0, 1: 0.0}, {0: 1.0, 1: 0.0}]}"
3,0.75,0.08,1,tree,linear,164.2046075846614,0.5768,0.5068298427056744,"{'branching': ['V1.9'], 'leaves': [{0: 0.24528301886792453, 1: 0.7547169811320755}, {0: 1.0, 1: 0.0}]}"
3,0.75,0.08,1,tree,lasso,164.20460758466143,0.5768,0.5068298427056744,"{'branching': ['V1.9'], 'leaves': [{0: 0.24528301886792458, 1: 0.7547169811320754}, {0: 1.0, 1: 0.0}]}"
3,0.75,0.08,1,log,linear,164.2046075846614,0.575,0.5068298427056744,"{'branching': ['V1.9'], 'leaves': [{0: 0.24528301886792447, 1: 0.7547169811320755}, {0: 1.0, 1: 0.0}]}"
3,0.75,0.08,1,log,lasso,222.401121356594,0.5037,0.5010101913284815,"{'branching': ['V1.1'], 'leaves': [{0: 1.0, 1: 0.0}, {0: 1.0, 1: 0.0}]}"
3,0.75,0.09,1,tree,linear,156.93004336316983,0.5828,0.5075572991278244,"{'branching': ['V1.9'], 'leaves': [{0: 0.15094339622641512, 1: 0.8490566037735849}, {0: 1.0, 1: 0.0}]}"
3,0.75,0.09,1,tree,lasso,156.93004336316986,0.5861,0.5075572991278244,"{'branching': ['V1.9'], 'leaves': [{0: 0.15094339622641506, 1: 0.8490566037735849}, {0: 1.0, 1: 0.0}]}"
3,0.75,0.09,1,log,linear,156.93004336316983,0.5864,0.5075572991278244,"{'branching': ['V1.9'], 'leaves': [{0: 0.15094339622641512, 1: 0.8490566037735849}, {0: 1.0, 1: 0.0}]}"
3,0.75,0.09,1,log,lasso,222.401121356594,0.5037,0.5010101913284815,"{'branching': ['V1.3'], 'leaves': [{0: 1.0, 1: 0.0}, {0: 1.0, 1: 0.0}]}"
3,0.75,0.1,1,tree,linear,149.65547914167828,0.5963,0.5082847555499725,"{'branching': ['V1.9'], 'leaves': [{0: 0.05660377358490554, 1: 0.9433962264150945}, {0: 1.0, 1: 0.0}]}"
3,0.75,0.1,1,tree,lasso,149.65547914167897,0.5937,0.5082847555499724,"{'branching': ['V1.9'], 'leaves': [{0: 0.05660377358490476, 1: 0.9433962264150952}, {0: 0.9999999999999999, 1: 0.0}]}"
3,0.75,0.1,1,log,linear,149.65547914167828,0.5933,0.5082847555499725,"{'branching': ['V1.9'], 'leaves': [{0: 0.05660377358490566, 1: 0.9433962264150944}, {0: 1.0, 1: 0.0}]}"
3,0.75,0.1,1,log,lasso,222.401121356594,0.5037,0.5010101913284815,"{'branching': ['V1.3'], 'leaves': [{0: 1.0, 1: 0.0}, {0: 1.0, 1: 0.0}]}"
3,0.75,0.11,1,tree,linear,145.29074060878338,0.5992,0.5087212294032627,"{'branching': ['V1.9'], 'leaves': [{0: 0.0, 1: 1.0}, {0: 1.0, 1: 0.0}]}"
3,0.75,0.11,1,tree,lasso,145.29074060878338,0.5992,0.5087212294032627,"{'branching': ['V1.9'], 'leaves': [{0: 0.0, 1: 1.0}, {0: 1.0, 1: 0.0}]}"
3,0.75,0.11,1,log,linear,145.29074060878338,0.5992,0.5087212294032627,"{'branching': ['V1.9'], 'leaves': [{0: 0.0, 1: 1.0}, {0: 1.0, 1: 0.0}]}"
3,0.75,0.11,1,log,lasso,222.401121356594,0.5037,0.5010101913284815,"{'branching': ['V1.1'], 'leaves': [{0: 1.0, 1: 0.0}, {0: 1.0, 1: 0.0}]}"
3,0.75,0.12,1,tree,linear,145.29074060878338,0.5992,0.5087212294032627,"{'branching': ['V1.9'], 'leaves': [{0: 0.0, 1: 1.0}, {0: 1.0, 1: 0.0}]}"
3,0.75,0.12,1,tree,lasso,145.29074060878338,0.5992,0.5087212294032627,"{'branching': ['V1.9'], 'leaves': [{0: 0.0, 1: 1.0}, {0: 1.0, 1: 0.0}]}"
3,0.75,0.12,1,log,linear,145.29074060878338,0.5992,0.5087212294032627,"{'branching': ['V1.9'], 'leaves': [{0: 0.0, 1: 1.0}, {0: 1.0, 1: 0.0}]}"
3,0.75,0.12,1,log,lasso,222.401121356594,0.5037,0.5010101913284815,"{'branching': ['V1.3'], 'leaves': [{0: 1.0, 1: 0.0}, {0: 1.0, 1: 0.0}]}"
3,0.75,0.13,1,tree,linear,145.29074060878338,0.5992,0.5087212294032627,"{'branching': ['V1.9'], 'leaves': [{0: 0.0, 1: 1.0}, {0: 1.0, 1: 0.0}]}"
3,0.75,0.13,1,tree,lasso,145.29074060878338,0.5992,0.5087212294032627,"{'branching': ['V1.9'], 'leaves': [{0: 0.0, 1: 1.0}, {0: 1.0, 1: 0.0}]}"
3,0.75,0.13,1,log,linear,145.29074060878347,0.5992,0.5087212294032627,"{'branching': ['V1.9'], 'leaves': [{0: 0.0, 1: 0.9999999999999999}, {0: 1.0, 1: 0.0}]}"
3,0.75,0.13,1,log,lasso,222.401121356594,0.5037,0.5010101913284815,"{'branching': ['V1.1'], 'leaves': [{0: 1.0, 1: 0.0}, {0: 1.0, 1: 0.0}]}"
3,0.75,0.14,1,tree,linear,145.29074060878338,0.5992,0.5087212294032627,"{'branching': ['V1.9'], 'leaves': [{0: 0.0, 1: 1.0}, {0: 1.0, 1: 0.0}]}"
3,0.75,0.14,1,tree,lasso,145.29074060878338,0.5992,0.5087212294032627,"{'branching': ['V1.9'], 'leaves': [{0: 0.0, 1: 1.0}, {0: 1.0, 1: 0.0}]}"
3,0.75,0.14,1,log,linear,145.29074060878338,0.5992,0.5087212294032627,"{'branching': ['V1.9'], 'leaves': [{0: 0.0, 1: 1.0}, {0: 1.0, 1: 0.0}]}"
3,0.75,0.14,1,log,lasso,222.401121356594,0.5037,0.5010101913284815,"{'branching': ['V1.1'], 'leaves': [{0: 1.0, 1: 0.0}, {0: 1.0, 1: 0.0}]}"
3,0.75,0.15,1,tree,linear,145.29074060878338,0.5992,0.5087212294032627,"{'branching': ['V1.9'], 'leaves': [{0: 0.0, 1: 1.0}, {0: 1.0, 1: 0.0}]}"
3,0.75,0.15,1,tree,lasso,145.29074060878338,0.5992,0.5087212294032627,"{'branching': ['V1.9'], 'leaves': [{0: 0.0, 1: 1.0}, {0: 1.0, 1: 0.0}]}"
3,0.75,0.15,1,log,linear,145.29074060878338,0.5992,0.5087212294032627,"{'branching': ['V1.9'], 'leaves': [{0: 0.0, 1: 1.0}, {0: 1.0, 1: 0.0}]}"
3,0.75,0.15,1,log,lasso,222.401121356594,0.5037,0.5010101913284815,"{'branching': ['V1.3'], 'leaves': [{0: 1.0, 1: 0.0}, {0: 1.0, 1: 0.0}]}"
3,0.75,0.16,1,tree,linear,145.29074060878338,0.5992,0.5087212294032627,"{'branching': ['V1.9'], 'leaves': [{0: 0.0, 1: 1.0}, {0: 1.0, 1: 0.0}]}"
3,0.75,0.16,1,tree,lasso,145.29074060878244,0.5992,0.5087212294032628,"{'branching': ['V1.9'], 'leaves': [{0: 0.0, 1: 1.0}, {0: 1.0000000000000002, 1: 0.0}]}"
3,0.75,0.16,1,log,linear,145.29074060878338,0.5992,0.5087212294032627,"{'branching': ['V1.9'], 'leaves': [{0: 0.0, 1: 1.0}, {0: 1.0, 1: 0.0}]}"
3,0.75,0.16,1,log,lasso,222.401121356594,0.5037,0.5010101913284815,"{'branching': ['V1.1'], 'leaves': [{0: 1.0, 1: 0.0}, {0: 1.0, 1: 0.0}]}"
3,0.75,0.17,1,tree,linear,145.29074060878338,0.5992,0.5087212294032627,"{'branching': ['V1.9'], 'leaves': [{0: 0.0, 1: 1.0}, {0: 1.0, 1: 0.0}]}"
3,0.75,0.17,1,tree,lasso,145.29074060878338,0.5992,0.5087212294032627,"{'branching': ['V1.9'], 'leaves': [{0: 0.0, 1: 1.0}, {0: 1.0, 1: 0.0}]}"
3,0.75,0.17,1,log,linear,145.29074060878338,0.5992,0.5087212294032627,"{'branching': ['V1.9'], 'leaves': [{0: 0.0, 1: 1.0}, {0: 1.0, 1: 0.0}]}"
3,0.75,0.17,1,log,lasso,222.401121356594,0.5037,0.5010101913284815,"{'branching': ['V1.1'], 'leaves': [{0: 1.0, 1: 0.0}, {0: 1.0, 1: 0.0}]}"
3,0.75,0.18,1,tree,linear,145.29074060878338,0.5992,0.5087212294032627,"{'branching': ['V1.9'], 'leaves': [{0: 0.0, 1: 1.0}, {0: 1.0, 1: 0.0}]}"
3,0.75,0.18,1,tree,lasso,145.29074060878384,0.5992,0.5087212294032627,"{'branching': ['V1.9'], 'leaves': [{0: 0.0, 1: 0.9999999999999992}, {0: 1.0, 1: 0.0}]}"
3,0.75,0.18,1,log,linear,145.29074060878338,0.5992,0.5087212294032627,"{'branching': ['V1.9'], 'leaves': [{0: 0.0, 1: 1.0}, {0: 1.0, 1: 0.0}]}"
3,0.75,0.18,1,log,lasso,222.401121356594,0.5037,0.5010101913284815,"{'branching': ['V1.1'], 'leaves': [{0: 1.0, 1: 0.0}, {0: 1.0, 1: 0.0}]}"
3,0.75,0.19,1,tree,linear,145.29074060878338,0.5992,0.5087212294032627,"{'branching': ['V1.9'], 'leaves': [{0: 0.0, 1: 1.0}, {0: 1.0, 1: 0.0}]}"
3,0.75,0.19,1,tree,lasso,145.29074060878244,0.5992,0.5087212294032628,"{'branching': ['V1.9'], 'leaves': [{0: 0.0, 1: 1.0}, {0: 1.0, 1: 2.220446049250313e-16}]}"
3,0.75,0.19,1,log,linear,145.29074060878338,0.5992,0.5087212294032627,"{'branching': ['V1.9'], 'leaves': [{0: 0.0, 1: 1.0}, {0: 1.0, 1: 0.0}]}"
3,0.75,0.19,1,log,lasso,222.401121356594,0.5037,0.5010101913284815,"{'branching': ['V1.1'], 'leaves': [{0: 1.0, 1: 0.0}, {0: 1.0, 1: 0.0}]}"
3,0.75,0.2,1,tree,linear,93.4169484355838,0.6902,0.5139086086205824,"{'branching': ['V1.8'], 'leaves': [{0: 4.440892098500626e-16, 1: 0.9999999999999998}, {0: 0.9999999999999992, 1: 2.7755575615628914e-16}]}"
3,0.75,0.2,1,tree,lasso,145.29074060878295,0.5992,0.5087212294032628,"{'branching': ['V1.9'], 'leaves': [{0: 0.0, 1: 1.0000000000000007}, {0: 1.0, 1: 0.0}]}"
3,0.75,0.2,1,log,linear,93.41694843558194,0.6902,0.5139086086205825,"{'branching': ['V1.8'], 'leaves': [{0: 0.0, 1: 1.0}, {0: 1.0, 1: 0.0}]}"
3,0.75,0.2,1,log,lasso,222.401121356594,0.5037,0.5010101913284815,"{'branching': ['V1.1'], 'leaves': [{0: 1.0, 1: 0.0}, {0: 1.0, 1: 0.0}]}"
3,0.75,0.21,1,tree,linear,93.41694843558142,0.6902,0.5139086086205825,"{'branching': ['V1.8'], 'leaves': [{0: 0.0, 1: 1.0000000000000004}, {0: 1.0, 1: 0.0}]}"
3,0.75,0.21,1,tree,lasso,145.29074060878307,0.5992,0.5087212294032628,"{'branching': ['V1.9'], 'leaves': [{0: 0.0, 1: 1.0}, {0: 1.0, 1: 8.326672684688674e-17}]}"
3,0.75,0.21,1,log,linear,93.41694843558194,0.6902,0.5139086086205825,"{'branching': ['V1.8'], 'leaves': [{0: 0.0, 1: 1.0}, {0: 1.0, 1: 0.0}]}"
3,0.75,0.21,1,log,lasso,222.401121356594,0.5037,0.5010101913284815,"{'branching': ['V1.1'], 'leaves': [{0: 1.0, 1: 0.0}, {0: 1.0, 1: 0.0}]}"
3,0.75,0.22,1,tree,linear,93.41694843558194,0.6902,0.5139086086205825,"{'branching': ['V1.8'], 'leaves': [{0: 0.0, 1: 1.0}, {0: 1.0, 1: 0.0}]}"
3,0.75,0.22,1,tree,lasso,145.29074060878338,0.5992,0.5087212294032627,"{'branching': ['V1.9'], 'leaves': [{0: 0.0, 1: 1.0}, {0: 1.0, 1: 0.0}]}"
3,0.75,0.22,1,log,linear,93.41694843558142,0.6902,0.5139086086205825,"{'branching': ['V1.8'], 'leaves': [{0: 0.0, 1: 1.0000000000000004}, {0: 1.0, 1: 0.0}]}"
3,0.75,0.22,1,log,lasso,222.401121356594,0.5037,0.5010101913284815,"{'branching': ['V1.1'], 'leaves': [{0: 1.0, 1: 0.0}, {0: 1.0, 1: 0.0}]}"
3,0.75,0.23,1,tree,linear,93.41694843558258,0.6902,0.5139086086205824,"{'branching': ['V1.8'], 'leaves': [{0: 5.551115123125783e-17, 1: 1.0}, {0: 0.9999999999999999, 1: 5.551115123125783e-17}]}"
3,0.75,0.23,1,tree,lasso,145.29074060878338,0.5992,0.5087212294032627,"{'branching': ['V1.9'], 'leaves': [{0: 0.0, 1: 1.0}, {0: 1.0, 1: 0.0}]}"
3,0.75,0.23,1,log,linear,93.41694843558194,0.6902,0.5139086086205825,"{'branching': ['V1.8'], 'leaves': [{0: 0.0, 1: 1.0}, {0: 1.0, 1: 0.0}]}"
3,0.75,0.23,1,log,lasso,222.401121356594,0.5037,0.5010101913284815,"{'branching': ['V1.1'], 'leaves': [{0: 1.0, 1: 0.0}, {0: 1.0, 1: 0.0}]}"
3,0.75,0.24,1,tree,linear,93.41694843557998,0.6902,0.5139086086205827,"{'branching': ['V1.8'], 'leaves': [{0: 0.0, 1: 1.0000000000000002}, {0: 1.0000000000000004, 1: 0.0}]}"
3,0.75,0.24,1,tree,lasso,145.29074060878338,0.5992,0.5087212294032627,"{'branching': ['V1.9'], 'leaves': [{0: 0.0, 1: 1.0}, {0: 1.0, 1: 0.0}]}"
3,0.75,0.24,1,log,linear,93.41694843558194,0.6902,0.5139086086205825,"{'branching': ['V1.8'], 'leaves': [{0: 0.0, 1: 1.0}, {0: 1.0, 1: 0.0}]}"
3,0.75,0.24,1,log,lasso,222.401121356594,0.5037,0.5010101913284815,"{'branching': ['V1.3'], 'leaves': [{0: 1.0, 1: 0.0}, {0: 1.0, 1: 0.0}]}"
3,0.75,0.25,1,tree,linear,93.41694843558194,0.6902,0.5139086086205825,"{'branching': ['V1.8'], 'leaves': [{0: 0.0, 1: 1.0}, {0: 1.0, 1: 0.0}]}"
3,0.75,0.25,1,tree,lasso,145.29074060878338,0.5992,0.5087212294032627,"{'branching': ['V1.9'], 'leaves': [{0: 0.0, 1: 1.0}, {0: 1.0, 1: 0.0}]}"
3,0.75,0.25,1,log,linear,93.41694843558194,0.6902,0.5139086086205825,"{'branching': ['V1.8'], 'leaves': [{0: 0.0, 1: 1.0}, {0: 1.0, 1: 0.0}]}"
3,0.75,0.25,1,log,lasso,222.401121356594,0.5037,0.5010101913284815,"{'branching': ['V1.3'], 'leaves': [{0: 1.0, 1: 0.0}, {0: 1.0, 1: 0.0}]}"
3,0.75,0.26,1,tree,linear,93.41694843558194,0.6902,0.5139086086205825,"{'branching': ['V1.8'], 'leaves': [{0: 0.0, 1: 1.0}, {0: 1.0, 1: 0.0}]}"
3,0.75,0.26,1,tree,lasso,145.29074060878338,0.5992,0.5087212294032627,"{'branching': ['V1.9'], 'leaves': [{0: 0.0, 1: 1.0}, {0: 1.0, 1: 0.0}]}"
3,0.75,0.26,1,log,linear,93.41694843558194,0.6902,0.5139086086205825,"{'branching': ['V1.8'], 'leaves': [{0: 0.0, 1: 1.0}, {0: 1.0, 1: 0.0}]}"
3,0.75,0.26,1,log,lasso,222.401121356594,0.5037,0.5010101913284815,"{'branching': ['V1.1'], 'leaves': [{0: 1.0, 1: 0.0}, {0: 1.0, 1: 0.0}]}"
3,0.75,0.27,1,tree,linear,93.41694843558278,0.6902,0.5139086086205824,"{'branching': ['V1.8'], 'leaves': [{0: 0.0, 1: 0.9999999999999999}, {0: 0.9999999999999999, 1: 5.551115123125783e-17}]}"
3,0.75,0.27,1,tree,lasso,145.29074060878324,0.5992,0.5087212294032627,"{'branching': ['V1.9'], 'leaves': [{0: 0.0, 1: 1.0000000000000002}, {0: 1.0, 1: 0.0}]}"
3,0.75,0.27,1,log,linear,93.41694843558194,0.6902,0.5139086086205825,"{'branching': ['V1.8'], 'leaves': [{0: 0.0, 1: 1.0}, {0: 1.0, 1: 0.0}]}"
3,0.75,0.27,1,log,lasso,222.401121356594,0.5037,0.5010101913284815,"{'branching': ['V1.1'], 'leaves': [{0: 1.0, 1: 0.0}, {0: 1.0, 1: 0.0}]}"
3,0.75,0.28,1,tree,linear,93.41694843558194,0.6902,0.5139086086205825,"{'branching': ['V1.8'], 'leaves': [{0: 0.0, 1: 1.0}, {0: 1.0, 1: 0.0}]}"
3,0.75,0.28,1,tree,lasso,145.29074060878338,0.5992,0.5087212294032627,"{'branching': ['V1.9'], 'leaves': [{0: 0.0, 1: 1.0}, {0: 1.0, 1: 0.0}]}"
3,0.75,0.28,1,log,linear,93.41694843558194,0.6902,0.5139086086205825,"{'branching': ['V1.8'], 'leaves': [{0: 0.0, 1: 1.0}, {0: 1.0, 1: 0.0}]}"
3,0.75,0.28,1,log,lasso,222.401121356594,0.5037,0.5010101913284815,"{'branching': ['V1.3'], 'leaves': [{0: 1.0, 1: 0.0}, {0: 1.0, 1: 0.0}]}"
3,0.75,0.29,1,tree,linear,93.41694843558194,0.6902,0.5139086086205825,"{'branching': ['V1.8'], 'leaves': [{0: 0.0, 1: 1.0}, {0: 1.0, 1: 0.0}]}"
3,0.75,0.29,1,tree,lasso,145.29074060878338,0.5992,0.5087212294032627,"{'branching': ['V1.9'], 'leaves': [{0: 0.0, 1: 1.0}, {0: 1.0, 1: 0.0}]}"
3,0.75,0.29,1,log,linear,93.41694843558194,0.6902,0.5139086086205825,"{'branching': ['V1.8'], 'leaves': [{0: 0.0, 1: 1.0}, {0: 1.0, 1: 0.0}]}"
3,0.75,0.29,1,log,lasso,222.401121356594,0.5037,0.5010101913284815,"{'branching': ['V1.1'], 'leaves': [{0: 1.0, 1: 0.0}, {0: 1.0, 1: 0.0}]}"
3,0.75,0.3,1,tree,linear,93.41694843558194,0.6902,0.5139086086205825,"{'branching': ['V1.8'], 'leaves': [{0: 0.0, 1: 1.0}, {0: 1.0, 1: 0.0}]}"
3,0.75,0.3,1,tree,lasso,145.29074060878338,0.5992,0.5087212294032627,"{'branching': ['V1.9'], 'leaves': [{0: 0.0, 1: 1.0}, {0: 1.0, 1: 0.0}]}"
3,0.75,0.3,1,log,linear,93.41694843558194,0.6902,0.5139086086205825,"{'branching': ['V1.8'], 'leaves': [{0: 0.0, 1: 1.0}, {0: 1.0, 1: 0.0}]}"
3,0.75,0.3,1,log,lasso,222.401121356594,0.5037,0.5010101913284815,"{'branching': ['V1.1'], 'leaves': [{0: 1.0, 1: 0.0}, {0: 1.0, 1: 0.0}]}"
3,0.75,0.31,1,tree,linear,93.41694843558194,0.6902,0.5139086086205825,"{'branching': ['V1.8'], 'leaves': [{0: 0.0, 1: 1.0}, {0: 1.0, 1: 0.0}]}"
3,0.75,0.31,1,tree,lasso,145.29074060878338,0.5992,0.5087212294032627,"{'branching': ['V1.9'], 'leaves': [{0: 0.0, 1: 1.0}, {0: 1.0, 1: 0.0}]}"
3,0.75,0.31,1,log,linear,93.41694843558216,0.6902,0.5139086086205825,"{'branching': ['V1.8'], 'leaves': [{0: 0.0, 1: 0.9999999999999999}, {0: 1.0, 1: 0.0}]}"
3,0.75,0.31,1,log,lasso,222.401121356594,0.5037,0.5010101913284815,"{'branching': ['V1.1'], 'leaves': [{0: 1.0, 1: 0.0}, {0: 1.0, 1: 0.0}]}"
3,0.75,0.32,1,tree,linear,93.41694843558194,0.6902,0.5139086086205825,"{'branching': ['V1.8'], 'leaves': [{0: 0.0, 1: 1.0}, {0: 1.0, 1: 0.0}]}"
3,0.75,0.32,1,tree,lasso,145.29074060878324,0.5992,0.5087212294032627,"{'branching': ['V1.9'], 'leaves': [{0: 2.220446049250313e-16, 1: 1.0}, {0: 1.0, 1: 0.0}]}"
3,0.75,0.32,1,log,linear,93.41694843558194,0.6902,0.5139086086205825,"{'branching': ['V1.8'], 'leaves': [{0: 0.0, 1: 1.0}, {0: 1.0, 1: 0.0}]}"
3,0.75,0.32,1,log,lasso,222.401121356594,0.5037,0.5010101913284815,"{'branching': ['V1.1'], 'leaves': [{0: 1.0, 1: 0.0}, {0: 1.0, 1: 0.0}]}"
3,0.75,0.33,1,tree,linear,93.41694843558194,0.6902,0.5139086086205825,"{'branching': ['V1.8'], 'leaves': [{0: 0.0, 1: 1.0}, {0: 1.0, 1: 0.0}]}"
3,0.75,0.33,1,tree,lasso,145.2907406087832,0.5992,0.5087212294032627,"{'branching': ['V1.9'], 'leaves': [{0: 1.7763568394002505e-15, 1: 0.9999999999999987}, {0: 1.0, 1: 0.0}]}"
3,0.75,0.33,1,log,linear,93.41694843558194,0.6902,0.5139086086205825,"{'branching': ['V1.8'], 'leaves': [{0: 0.0, 1: 1.0}, {0: 1.0, 1: 0.0}]}"
3,0.75,0.33,1,log,lasso,222.401121356594,0.5037,0.5010101913284815,"{'branching': ['V1.1'], 'leaves': [{0: 1.0, 1: 0.0}, {0: 1.0, 1: 0.0}]}"
3,0.75,0.34,1,tree,linear,93.41694843558194,0.6902,0.5139086086205825,"{'branching': ['V1.8'], 'leaves': [{0: 0.0, 1: 1.0}, {0: 1.0, 1: 0.0}]}"
3,0.75,0.34,1,tree,lasso,145.29074060878338,0.5992,0.5087212294032627,"{'branching': ['V1.9'], 'leaves': [{0: 0.0, 1: 1.0}, {0: 1.0, 1: 0.0}]}"
3,0.75,0.34,1,log,linear,93.41694843558194,0.6902,0.5139086086205825,"{'branching': ['V1.8'], 'leaves': [{0: 0.0, 1: 1.0}, {0: 1.0, 1: 0.0}]}"
3,0.75,0.34,1,log,lasso,222.401121356594,0.5037,0.5010101913284815,"{'branching': ['V1.1'], 'leaves': [{0: 1.0, 1: 0.0}, {0: 1.0, 1: 0.0}]}"
3,0.75,0.35,1,tree,linear,93.41694843558194,0.6902,0.5139086086205825,"{'branching': ['V1.8'], 'leaves': [{0: 0.0, 1: 1.0}, {0: 1.0, 1: 0.0}]}"
3,0.75,0.35,1,tree,lasso,145.29074060878338,0.5992,0.5087212294032627,"{'branching': ['V1.9'], 'leaves': [{0: 0.0, 1: 1.0}, {0: 1.0, 1: 0.0}]}"
3,0.75,0.35,1,log,linear,93.41694843558194,0.6902,0.5139086086205825,"{'branching': ['V1.8'], 'leaves': [{0: 0.0, 1: 1.0}, {0: 1.0, 1: 0.0}]}"
3,0.75,0.35,1,log,lasso,222.401121356594,0.5037,0.5010101913284815,"{'branching': ['V1.3'], 'leaves': [{0: 1.0, 1: 0.0}, {0: 1.0, 1: 0.0}]}"
3,0.75,0.36,1,tree,linear,93.41694843558194,0.6902,0.5139086086205825,"{'branching': ['V1.8'], 'leaves': [{0: 0.0, 1: 1.0}, {0: 1.0, 1: 0.0}]}"
3,0.75,0.36,1,tree,lasso,145.29074060878338,0.5992,0.5087212294032627,"{'branching': ['V1.9'], 'leaves': [{0: 0.0, 1: 1.0}, {0: 1.0, 1: 0.0}]}"
3,0.75,0.36,1,log,linear,93.41694843558194,0.6902,0.5139086086205825,"{'branching': ['V1.8'], 'leaves': [{0: 0.0, 1: 1.0}, {0: 1.0, 1: 0.0}]}"
3,0.75,0.36,1,log,lasso,222.401121356594,0.5037,0.5010101913284815,"{'branching': ['V1.1'], 'leaves': [{0: 1.0, 1: 0.0}, {0: 1.0, 1: 0.0}]}"
3,0.75,0.37,1,tree,linear,93.41694843558194,0.6902,0.5139086086205825,"{'branching': ['V1.8'], 'leaves': [{0: 0.0, 1: 1.0}, {0: 1.0, 1: 0.0}]}"
3,0.75,0.37,1,tree,lasso,145.29074060878338,0.5992,0.5087212294032627,"{'branching': ['V1.9'], 'leaves': [{0: 0.0, 1: 1.0}, {0: 1.0, 1: 0.0}]}"
3,0.75,0.37,1,log,linear,93.41694843558194,0.6902,0.5139086086205825,"{'branching': ['V1.8'], 'leaves': [{0: 0.0, 1: 1.0}, {0: 1.0, 1: 0.0}]}"
3,0.75,0.37,1,log,lasso,222.401121356594,0.5037,0.5010101913284815,"{'branching': ['V1.1'], 'leaves': [{0: 1.0, 1: 0.0}, {0: 1.0, 1: 0.0}]}"
3,0.75,0.38,1,tree,linear,93.41694843558194,0.6902,0.5139086086205825,"{'branching': ['V1.8'], 'leaves': [{0: 0.0, 1: 1.0}, {0: 1.0, 1: 0.0}]}"
3,0.75,0.38,1,tree,lasso,145.29074060878338,0.5992,0.5087212294032627,"{'branching': ['V1.9'], 'leaves': [{0: 0.0, 1: 1.0}, {0: 1.0, 1: 0.0}]}"
3,0.75,0.38,1,log,linear,93.41694843558194,0.6902,0.5139086086205825,"{'branching': ['V1.8'], 'leaves': [{0: 0.0, 1: 1.0}, {0: 1.0, 1: 0.0}]}"
3,0.75,0.38,1,log,lasso,222.401121356594,0.5037,0.5010101913284815,"{'branching': ['V1.1'], 'leaves': [{0: 1.0, 1: 0.0}, {0: 1.0, 1: 0.0}]}"
3,0.75,0.39,1,tree,linear,93.41694843558194,0.6902,0.5139086086205825,"{'branching': ['V1.8'], 'leaves': [{0: 0.0, 1: 1.0}, {0: 1.0, 1: 0.0}]}"
3,0.75,0.39,1,tree,lasso,145.29074060878338,0.5992,0.5087212294032627,"{'branching': ['V1.9'], 'leaves': [{0: 0.0, 1: 1.0}, {0: 1.0, 1: 0.0}]}"
3,0.75,0.39,1,log,linear,93.41694843558194,0.6902,0.5139086086205825,"{'branching': ['V1.8'], 'leaves': [{0: 0.0, 1: 1.0}, {0: 1.0, 1: 0.0}]}"
3,0.75,0.39,1,log,lasso,222.401121356594,0.5037,0.5010101913284815,"{'branching': ['V1.1'], 'leaves': [{0: 1.0, 1: 0.0}, {0: 1.0, 1: 0.0}]}"
3,0.75,0.4,1,tree,linear,93.41694843558194,0.6902,0.5139086086205825,"{'branching': ['V1.8'], 'leaves': [{0: 0.0, 1: 1.0}, {0: 1.0, 1: 0.0}]}"
3,0.75,0.4,1,tree,lasso,145.29074060878338,0.5992,0.5087212294032627,"{'branching': ['V1.9'], 'leaves': [{0: 0.0, 1: 1.0}, {0: 1.0, 1: 0.0}]}"
3,0.75,0.4,1,log,linear,93.41694843558194,0.6902,0.5139086086205825,"{'branching': ['V1.8'], 'leaves': [{0: 0.0, 1: 1.0}, {0: 1.0, 1: 0.0}]}"
3,0.75,0.4,1,log,lasso,222.401121356594,0.5037,0.5010101913284815,"{'branching': ['V1.1'], 'leaves': [{0: 1.0, 1: 0.0}, {0: 1.0, 1: 0.0}]}"
4,0.75,0.05,1,tree,linear,222.36104017975623,0.4706,0.5023937727443368,"{'branching': ['V1.9'], 'leaves': [{0: 0.5454545454545454, 1: 0.4545454545454546}, {0: 1.0, 1: 0.0}]}"
4,0.75,0.05,1,tree,lasso,264.74850019859144,0.4241,0.4981550267424524,"{'branching': ['V1.3'], 'leaves': [{0: 1.0, 1: 0.0}, {0: 1.0, 1: 0.0}]}"
4,0.75,0.05,1,log,linear,222.36104017975623,0.47,0.5023937727443368,"{'branching': ['V1.9'], 'leaves': [{0: 0.5454545454545454, 1: 0.45454545454545453}, {0: 1.0, 1: 0.0}]}"
4,0.75,0.05,1,log,lasso,233.6839349232148,0.4684,0.5012614832699893,"{'branching': ['V1.7'], 'leaves': [{0: 0.8376623376623377, 1: 0.16233766233766234}, {0: 1.0, 1: 0.0}]}"
4,0.75,0.06,1,tree,linear,213.8835481759891,0.4788,0.5032415219447134,"{'branching': ['V1.9'], 'leaves': [{0: 0.45454545454545453, 1: 0.5454545454545455}, {0: 1.0, 1: 0.0}]}"
4,0.75,0.06,1,tree,lasso,264.74850019859144,0.4241,0.4981550267424524,"{'branching': ['V1.1'], 'leaves': [{0: 1.0, 1: 0.0}, {0: 1.0, 1: 0.0}]}"
4,0.75,0.06,1,log,linear,213.8835481759891,0.4813,0.5032415219447134,"{'branching': ['V1.9'], 'leaves': [{0: 0.4545454545454546, 1: 0.5454545454545455}, {0: 1.0, 1: 0.0}]}"
4,0.75,0.06,1,log,lasso,227.4710218681395,0.4801,0.5018827745754973,"{'branching': ['V1.7'], 'leaves': [{0: 0.8051948051948052, 1: 0.19480519480519476}, {0: 1.0, 1: 0.0}]}"
4,0.75,0.07,1,tree,linear,205.40605617222204,0.4876,0.5040892711450905,"{'branching': ['V1.9'], 'leaves': [{0: 0.36363636363636365, 1: 0.6363636363636365}, {0: 1.0, 1: 0.0}]}"
4,0.75,0.07,1,tree,lasso,264.74850019859144,0.4241,0.4981550267424524,"{'branching': ['V1.3'], 'leaves': [{0: 1.0, 1: 0.0}, {0: 1.0, 1: 0.0}]}"
4,0.75,0.07,1,log,linear,205.4060561722221,0.4897,0.5040892711450905,"{'branching': ['V1.9'], 'leaves': [{0: 0.36363636363636365, 1: 0.6363636363636364}, {0: 1.0, 1: 0.0}]}"
4,0.75,0.07,1,log,lasso,221.25810881306413,0.4861,0.5025040658810052,"{'branching': ['V1.7'], 'leaves': [{0: 0.7727272727272727, 1: 0.2272727272727273}, {0: 1.0, 1: 0.0}]}"
4,0.75,0.08,1,tree,linear,196.92856416845504,0.4988,0.5049370203454667,"{'branching': ['V1.9'], 'leaves': [{0: 0.2727272727272727, 1: 0.7272727272727273}, {0: 1.0, 1: 0.0}]}"
4,0.75,0.08,1,tree,lasso,264.74850019859144,0.4241,0.4981550267424524,"{'branching': ['V1.3'], 'leaves': [{0: 1.0, 1: 0.0}, {0: 1.0, 1: 0.0}]}"
4,0.75,0.08,1,log,linear,196.92856416845493,0.4974,0.5049370203454667,"{'branching': ['V1.9'], 'leaves': [{0: 0.2727272727272727, 1: 0.7272727272727274}, {0: 1.0, 1: 0.0}]}"
4,0.75,0.08,1,log,lasso,215.04519575798884,0.4968,0.5031253571865125,"{'branching': ['V1.7'], 'leaves': [{0: 0.7402597402597403, 1: 0.2597402597402597}, {0: 1.0, 1: 0.0}]}"
4,0.75,0.09,1,tree,linear,188.451072164688,0.5097,0.5057847695458436,"{'branching': ['V1.9'], 'leaves': [{0: 0.18181818181818182, 1: 0.8181818181818181}, {0: 1.0, 1: 0.0}]}"
4,0.75,0.09,1,tree,lasso,264.74850019859144,0.4241,0.4981550267424524,"{'branching': ['V1.1'], 'leaves': [{0: 1.0, 1: 0.0}, {0: 1.0, 1: 0.0}]}"
4,0.75,0.09,1,log,linear,188.451072164688,0.5081,0.5057847695458436,"{'branching': ['V1.9'], 'leaves': [{0: 0.18181818181818182, 1: 0.8181818181818181}, {0: 1.0, 1: 0.0}]}"
4,0.75,0.09,1,log,lasso,208.8322827029135,0.5069,0.5037466484920186,"{'branching': ['V1.7'], 'leaves': [{0: 0.7077922077922078, 1: 0.29220779220779225}, {0: 1.0, 1: 0.0}]}"
4,0.75,0.1,1,tree,linear,179.97358016092096,0.5185,0.5066325187462212,"{'branching': ['V1.9'], 'leaves': [{0: 0.09090909090909091, 1: 0.9090909090909091}, {0: 1.0, 1: 0.0}]}"
4,0.75,0.1,1,tree,lasso,264.74850019859144,0.4241,0.4981550267424524,"{'branching': ['V1.3'], 'leaves': [{0: 1.0, 1: 0.0}, {0: 1.0, 1: 0.0}]}"
4,0.75,0.1,1,log,linear,179.97358016092096,0.5164,0.5066325187462212,"{'branching': ['V1.9'], 'leaves': [{0: 0.09090909090909091, 1: 0.9090909090909091}, {0: 1.0, 1: 0.0}]}"
4,0.75,0.1,1,log,lasso,202.6193696478381,0.5148,0.5043679397975276,"{'branching': ['V1.7'], 'leaves': [{0: 0.6753246753246752, 1: 0.3246753246753248}, {0: 1.0, 1: 0.0}]}"
4,0.75,0.11,1,tree,linear,171.49608815715388,0.5279,0.5074802679465963,"{'branching': ['V1.9'], 'leaves': [{0: 0.0, 1: 1.0}, {0: 1.0, 1: 0.0}]}"
4,0.75,0.11,1,tree,lasso,264.74850019859144,0.4241,0.4981550267424524,"{'branching': ['V1.1'], 'leaves': [{0: 1.0, 1: 0.0}, {0: 1.0, 1: 0.0}]}"
4,0.75,0.11,1,log,linear,171.49608815715388,0.5279,0.5074802679465963,"{'branching': ['V1.9'], 'leaves': [{0: 0.0, 1: 1.0}, {0: 1.0, 1: 0.0}]}"
4,0.75,0.11,1,log,lasso,196.4064565927628,0.5227,0.5049892311030371,"{'branching': ['V1.7'], 'leaves': [{0: 0.6428571428571429, 1: 0.3571428571428571}, {0: 1.0, 1: 0.0}]}"
4,0.75,0.12,1,tree,linear,171.49608815715388,0.5279,0.5074802679465963,"{'branching': ['V1.9'], 'leaves': [{0: 0.0, 1: 1.0}, {0: 1.0, 1: 0.0}]}"
4,0.75,0.12,1,tree,lasso,264.74850019859144,0.4241,0.4981550267424524,"{'branching': ['V1.3'], 'leaves': [{0: 1.0, 1: 0.0}, {0: 1.0, 1: 0.0}]}"
4,0.75,0.12,1,log,linear,171.49608815715388,0.5279,0.5074802679465963,"{'branching': ['V1.9'], 'leaves': [{0: 0.0, 1: 1.0}, {0: 1.0, 1: 0.0}]}"
4,0.75,0.12,1,log,lasso,190.1935435376875,0.5364,0.505610522408543,"{'branching': ['V1.7'], 'leaves': [{0: 0.6103896103896104, 1: 0.38961038961038963}, {0: 1.0, 1: 0.0}]}"
4,0.75,0.13,1,tree,linear,171.49608815715388,0.5279,0.5074802679465963,"{'branching': ['V1.9'], 'leaves': [{0: 0.0, 1: 1.0}, {0: 1.0, 1: 0.0}]}"
4,0.75,0.13,1,tree,lasso,264.74850019859144,0.4241,0.4981550267424524,"{'branching': ['V1.1'], 'leaves': [{0: 1.0, 1: 0.0}, {0: 1.0, 1: 0.0}]}"
4,0.75,0.13,1,log,linear,171.49608815715388,0.5279,0.5074802679465963,"{'branching': ['V1.9'], 'leaves': [{0: 0.0, 1: 1.0}, {0: 1.0, 1: 0.0}]}"
4,0.75,0.13,1,log,lasso,183.98063048261216,0.5406,0.5062318137140496,"{'branching': ['V1.7'], 'leaves': [{0: 0.577922077922078, 1: 0.42207792207792205}, {0: 1.0, 1: 0.0}]}"
4,0.75,0.14,1,tree,linear,171.49608815715388,0.5279,0.5074802679465963,"{'branching': ['V1.9'], 'leaves': [{0: 0.0, 1: 1.0}, {0: 1.0, 1: 0.0}]}"
4,0.75,0.14,1,tree,lasso,264.74850019859144,0.4241,0.4981550267424524,"{'branching': ['V1.1'], 'leaves': [{0: 1.0, 1: 0.0}, {0: 1.0, 1: 0.0}]}"
4,0.75,0.14,1,log,linear,171.49608815715388,0.5279,0.5074802679465963,"{'branching': ['V1.9'], 'leaves': [{0: 0.0, 1: 1.0}, {0: 1.0, 1: 0.0}]}"
4,0.75,0.14,1,log,lasso,177.76771742753684,0.5502,0.5068531050195588,"{'branching': ['V1.7'], 'leaves': [{0: 0.5454545454545454, 1: 0.4545454545454546}, {0: 1.0, 1: 0.0}]}"
4,0.75,0.15,1,tree,linear,171.49608815715388,0.5279,0.5074802679465963,"{'branching': ['V1.9'], 'leaves': [{0: 0.0, 1: 1.0}, {0: 1.0, 1: 0.0}]}"
4,0.75,0.15,1,tree,lasso,264.74850019859144,0.4241,0.4981550267424524,"{'branching': ['V1.3'], 'leaves': [{0: 1.0, 1: 0.0}, {0: 1.0, 1: 0.0}]}"
4,0.75,0.15,1,log,linear,171.49608815715388,0.5279,0.5074802679465963,"{'branching': ['V1.9'], 'leaves': [{0: 0.0, 1: 1.0}, {0: 1.0, 1: 0.0}]}"
4,0.75,0.15,1,log,lasso,171.5548043724615,0.5654,0.5074743963250651,"{'branching': ['V1.7'], 'leaves': [{0: 0.512987012987013, 1: 0.487012987012987}, {0: 1.0, 1: 0.0}]}"
4,0.75,0.16,1,tree,linear,171.49608815715388,0.5279,0.5074802679465963,"{'branching': ['V1.9'], 'leaves': [{0: 0.0, 1: 1.0}, {0: 1.0, 1: 0.0}]}"
4,0.75,0.16,1,tree,lasso,264.74850019859144,0.4241,0.4981550267424524,"{'branching': ['V1.3'], 'leaves': [{0: 1.0, 1: 0.0}, {0: 1.0, 1: 0.0}]}"
4,0.75,0.16,1,log,linear,171.49608815715388,0.5279,0.5074802679465963,"{'branching': ['V1.9'], 'leaves': [{0: 0.0, 1: 1.0}, {0: 1.0, 1: 0.0}]}"
4,0.75,0.16,1,log,lasso,165.34189131738617,0.5692,0.5080956876305738,"{'branching': ['V1.7'], 'leaves': [{0: 0.48051948051948046, 1: 0.5194805194805195}, {0: 1.0, 1: 0.0}]}"
4,0.75,0.17,1,tree,linear,171.49608815715388,0.5279,0.5074802679465963,"{'branching': ['V1.9'], 'leaves': [{0: 0.0, 1: 1.0}, {0: 1.0, 1: 0.0}]}"
4,0.75,0.17,1,tree,lasso,264.74850019859144,0.4241,0.4981550267424524,"{'branching': ['V1.3'], 'leaves': [{0: 1.0, 1: 0.0}, {0: 1.0, 1: 0.0}]}"
4,0.75,0.17,1,log,linear,171.49608815715388,0.5279,0.5074802679465963,"{'branching': ['V1.9'], 'leaves': [{0: 0.0, 1: 1.0}, {0: 1.0, 1: 0.0}]}"
4,0.75,0.17,1,log,lasso,159.12897826231088,0.5812,0.5087169789360823,"{'branching': ['V1.7'], 'leaves': [{0: 0.44805194805194815, 1: 0.5519480519480519}, {0: 1.0, 1: 0.0}]}"
4,0.75,0.18,1,tree,linear,130.35139805968393,0.6028,0.511594736956343,"{'branching': ['V1.8'], 'leaves': [{0: 0.1262135922330097, 1: 0.8737864077669903}, {0: 1.0, 1: 0.0}]}"
4,0.75,0.18,1,tree,lasso,264.74850019859144,0.4241,0.4981550267424524,"{'branching': ['V1.1'], 'leaves': [{0: 1.0, 1: 0.0}, {0: 1.0, 1: 0.0}]}"
4,0.75,0.18,1,log,linear,130.3513980596868,0.6018,0.5115947369563427,"{'branching': ['V1.8'], 'leaves': [{0: 0.1262135922330082, 1: 0.8737864077669918}, {0: 0.9999999999999992, 1: 0.0}]}"
4,0.75,0.18,1,log,lasso,152.9160652072355,0.5875,0.509338270241589,"{'branching': ['V1.7'], 'leaves': [{0: 0.4155844155844156, 1: 0.5844155844155844}, {0: 1.0, 1: 0.0}]}"
4,0.75,0.19,1,tree,linear,122.88489238530022,0.6109,0.5123413875237819,"{'branching': ['V1.8'], 'leaves': [{0: 0.07766990291262135, 1: 0.9223300970873787}, {0: 1.0, 1: 0.0}]}"
4,0.75,0.19,1,tree,lasso,264.74850019859144,0.4241,0.4981550267424524,"{'branching': ['V1.1'], 'leaves': [{0: 1.0, 1: 0.0}, {0: 1.0, 1: 0.0}]}"
4,0.75,0.19,1,log,linear,122.88489238530003,0.61,0.5123413875237819,"{'branching': ['V1.8'], 'leaves': [{0: 0.07766990291261973, 1: 0.9223300970873802}, {0: 1.0, 1: 0.0}]}"
4,0.75,0.19,1,log,lasso,146.70315215216044,0.5999,0.5099595615470962,"{'branching': ['V1.7'], 'leaves': [{0: 0.3831168831168845, 1: 0.6168831168831155}, {0: 1.0, 1: 0.0}]}"
4,0.75,0.2,1,tree,linear,115.41838671091648,0.6214,0.5130880380912196,"{'branching': ['V1.8'], 'leaves': [{0: 0.02912621359223301, 1: 0.970873786407767}, {0: 1.0, 1: 0.0}]}"
4,0.75,0.2,1,tree,lasso,264.74850019859144,0.4241,0.4981550267424524,"{'branching': ['V1.1'], 'leaves': [{0: 1.0, 1: 0.0}, {0: 1.0, 1: 0.0}]}"
4,0.75,0.2,1,log,linear,115.41838671091628,0.6226,0.5130880380912197,"{'branching': ['V1.8'], 'leaves': [{0: 0.02912621359223167, 1: 0.9708737864077683}, {0: 1.0, 1: 0.0}]}"
4,0.75,0.2,1,log,lasso,140.49023909708487,0.6068,0.5105808528526034,"{'branching': ['V1.7'], 'leaves': [{0: 0.35064935064935077, 1: 0.6493506493506492}, {0: 1.0, 1: 5.551115123125783e-17}]}"
4,0.75,0.21,1,tree,linear,110.93848330628626,0.6272,0.5135360284316813,"{'branching': ['V1.8'], 'leaves': [{0: 0.0, 1: 1.0}, {0: 1.0, 1: 0.0}]}"
4,0.75,0.21,1,tree,lasso,264.74850019859144,0.4241,0.4981550267424524,"{'branching': ['V1.3'], 'leaves': [{0: 1.0, 1: 0.0}, {0: 1.0, 1: 0.0}]}"
4,0.75,0.21,1,log,linear,110.93848330628626,0.6272,0.5135360284316813,"{'branching': ['V1.8'], 'leaves': [{0: 0.0, 1: 1.0}, {0: 1.0, 1: 0.0}]}"
4,0.75,0.21,1,log,lasso,134.27732604200924,0.6156,0.5112021441581114,"{'branching': ['V1.7'], 'leaves': [{0: 0.3181818181818178, 1: 0.6818181818181823}, {0: 1.0, 1: 0.0}]}"
4,0.75,0.22,1,tree,linear,110.93848330628626,0.6272,0.5135360284316813,"{'branching': ['V1.8'], 'leaves': [{0: 0.0, 1: 1.0}, {0: 1.0, 1: 0.0}]}"
4,0.75,0.22,1,tree,lasso,264.74850019859144,0.4241,0.4981550267424524,"{'branching': ['V1.1'], 'leaves': [{0: 1.0, 1: 0.0}, {0: 1.0, 1: 0.0}]}"
4,0.75,0.22,1,log,linear,110.93848330628626,0.6272,0.5135360284316813,"{'branching': ['V1.8'], 'leaves': [{0: 0.0, 1: 1.0}, {0: 1.0, 1: 0.0}]}"
4,0.75,0.22,1,log,lasso,128.06441298693372,0.6302,0.5118234354636194,"{'branching': ['V1.7'], 'leaves': [{0: 0.28571428571428675, 1: 0.7142857142857133}, {0: 1.0, 1: 1.6653345369377348e-16}]}"
4,0.75,0.23,1,tree,linear,110.93848330628626,0.6272,0.5135360284316813,"{'branching': ['V1.8'], 'leaves': [{0: 0.0, 1: 1.0}, {0: 1.0, 1: 0.0}]}"
4,0.75,0.23,1,tree,lasso,264.74850019859144,0.4241,0.4981550267424524,"{'branching': ['V1.3'], 'leaves': [{0: 1.0, 1: 0.0}, {0: 1.0, 1: 0.0}]}"
4,0.75,0.23,1,log,linear,110.93848330628626,0.6272,0.5135360284316813,"{'branching': ['V1.8'], 'leaves': [{0: 0.0, 1: 1.0}, {0: 1.0, 1: 0.0}]}"
4,0.75,0.23,1,log,lasso,121.85149993185884,0.638,0.5124447267691258,"{'branching': ['V1.7'], 'leaves': [{0: 0.25324675324675316, 1: 0.7467532467532468}, {0: 1.0, 1: 0.0}]}"
4,0.75,0.24,1,tree,linear,110.93848330628626,0.6272,0.5135360284316813,"{'branching': ['V1.8'], 'leaves': [{0: 0.0, 1: 1.0}, {0: 1.0, 1: 0.0}]}"
4,0.75,0.24,1,tree,lasso,264.74850019859144,0.4241,0.4981550267424524,"{'branching': ['V1.1'], 'leaves': [{0: 1.0, 1: 0.0}, {0: 1.0, 1: 0.0}]}"
4,0.75,0.24,1,log,linear,110.93848330628626,0.6272,0.5135360284316813,"{'branching': ['V1.8'], 'leaves': [{0: 0.0, 1: 1.0}, {0: 1.0, 1: 0.0}]}"
4,0.75,0.24,1,log,lasso,115.6385868767836,0.6464,0.5130660180746338,"{'branching': ['V1.7'], 'leaves': [{0: 0.22077922077922094, 1: 0.779220779220779}, {0: 1.0, 1: 0.0}]}"
4,0.75,0.25,1,tree,linear,110.93848330628626,0.6272,0.5135360284316813,"{'branching': ['V1.8'], 'leaves': [{0: 0.0, 1: 1.0}, {0: 1.0, 1: 0.0}]}"
4,0.75,0.25,1,tree,lasso,264.74850019859144,0.4241,0.4981550267424524,"{'branching': ['V1.1'], 'leaves': [{0: 1.0, 1: 0.0}, {0: 1.0, 1: 0.0}]}"
4,0.75,0.25,1,log,linear,110.93848330628626,0.6272,0.5135360284316813,"{'branching': ['V1.8'], 'leaves': [{0: 0.0, 1: 1.0}, {0: 1.0, 1: 0.0}]}"
4,0.75,0.25,1,log,lasso,109.42567382170824,0.6558,0.51368730938014,"{'branching': ['V1.7'], 'leaves': [{0: 0.1883116883116883, 1: 0.8116883116883117}, {0: 1.0, 1: 0.0}]}"
4,0.75,0.26,1,tree,linear,110.93848330628626,0.6272,0.5135360284316813,"{'branching': ['V1.8'], 'leaves': [{0: 0.0, 1: 1.0}, {0: 1.0, 1: 0.0}]}"
4,0.75,0.26,1,tree,lasso,264.74850019859144,0.4241,0.4981550267424524,"{'branching': ['V1.3'], 'leaves': [{0: 1.0, 1: 0.0}, {0: 1.0, 1: 0.0}]}"
4,0.75,0.26,1,log,linear,110.93848330628626,0.6272,0.5135360284316813,"{'branching': ['V1.8'], 'leaves': [{0: 0.0, 1: 1.0}, {0: 1.0, 1: 0.0}]}"
4,0.75,0.26,1,log,lasso,103.21276076663293,0.6639,0.5143086006856479,"{'branching': ['V1.7'], 'leaves': [{0: 0.15584415584415587, 1: 0.8441558441558441}, {0: 1.0, 1: 0.0}]}"
4,0.75,0.27,1,tree,linear,110.93848330628626,0.6272,0.5135360284316813,"{'branching': ['V1.8'], 'leaves': [{0: 0.0, 1: 1.0}, {0: 1.0, 1: 0.0}]}"
4,0.75,0.27,1,tree,lasso,264.74850019859144,0.4241,0.4981550267424524,"{'branching': ['V1.3'], 'leaves': [{0: 1.0, 1: 0.0}, {0: 1.0, 1: 0.0}]}"
4,0.75,0.27,1,log,linear,110.93848330628626,0.6272,0.5135360284316813,"{'branching': ['V1.8'], 'leaves': [{0: 0.0, 1: 1.0}, {0: 1.0, 1: 0.0}]}"
4,0.75,0.27,1,log,lasso,96.99984771155748,0.6717,0.5149298919911568,"{'branching': ['V1.7'], 'leaves': [{0: 0.12337662337662338, 1: 0.8766233766233766}, {0: 1.0, 1: 0.0}]}"
4,0.75,0.28,1,tree,linear,110.93848330628626,0.6272,0.5135360284316813,"{'branching': ['V1.8'], 'leaves': [{0: 0.0, 1: 1.0}, {0: 1.0, 1: 0.0}]}"
4,0.75,0.28,1,tree,lasso,264.74850019859144,0.4241,0.4981550267424524,"{'branching': ['V1.1'], 'leaves': [{0: 1.0, 1: 0.0}, {0: 1.0, 1: 0.0}]}"
4,0.75,0.28,1,log,linear,110.93848330628626,0.6272,0.5135360284316813,"{'branching': ['V1.8'], 'leaves': [{0: 0.0, 1: 1.0}, {0: 1.0, 1: 0.0}]}"
4,0.75,0.28,1,log,lasso,90.78693465648225,0.6814,0.5155511832966648,"{'branching': ['V1.7'], 'leaves': [{0: 0.09090909090909091, 1: 0.9090909090909091}, {0: 1.0, 1: 0.0}]}"
4,0.75,0.29,1,tree,linear,110.93848330628708,0.6272,0.5135360284316812,"{'branching': ['V1.8'], 'leaves': [{0: 0.0, 1: 0.9999999999999999}, {0: 0.9999999999999999, 1: 0.0}]}"
4,0.75,0.29,1,tree,lasso,264.74850019859144,0.4241,0.4981550267424524,"{'branching': ['V1.3'], 'leaves': [{0: 1.0, 1: 0.0}, {0: 1.0, 1: 0.0}]}"
4,0.75,0.29,1,log,linear,110.93848330628626,0.6272,0.5135360284316813,"{'branching': ['V1.8'], 'leaves': [{0: 0.0, 1: 1.0}, {0: 1.0, 1: 0.0}]}"
4,0.75,0.29,1,log,lasso,84.57402160140688,0.6904,0.5161724746021715,"{'branching': ['V1.7'], 'leaves': [{0: 0.0584415584415585, 1: 0.9415584415584415}, {0: 1.0, 1: 0.0}]}"
4,0.75,0.3,1,tree,linear,110.93848330628626,0.6272,0.5135360284316813,"{'branching': ['V1.8'], 'leaves': [{0: 0.0, 1: 1.0}, {0: 1.0, 1: 0.0}]}"
4,0.75,0.3,1,tree,lasso,264.74850019859144,0.4241,0.4981550267424524,"{'branching': ['V1.1'], 'leaves': [{0: 1.0, 1: 0.0}, {0: 1.0, 1: 0.0}]}"
4,0.75,0.3,1,log,linear,110.93848330628626,0.6272,0.5135360284316813,"{'branching': ['V1.8'], 'leaves': [{0: 0.0, 1: 1.0}, {0: 1.0, 1: 0.0}]}"
4,0.75,0.3,1,log,lasso,78.36110854633154,0.7005,0.5167937659076781,"{'branching': ['V1.7'], 'leaves': [{0: 0.025974025974025983, 1: 0.974025974025974}, {0: 1.0, 1: 0.0}]}"
4,0.75,0.31,1,tree,linear,110.93848330628626,0.6272,0.5135360284316813,"{'branching': ['V1.8'], 'leaves': [{0: 0.0, 1: 1.0}, {0: 1.0, 1: 0.0}]}"
4,0.75,0.31,1,tree,lasso,264.74850019859144,0.4241,0.4981550267424524,"{'branching': ['V1.3'], 'leaves': [{0: 1.0, 1: 0.0}, {0: 1.0, 1: 0.0}]}"
4,0.75,0.31,1,log,linear,110.93848330628626,0.6272,0.5135360284316813,"{'branching': ['V1.8'], 'leaves': [{0: 0.0, 1: 1.0}, {0: 1.0, 1: 0.0}]}"
4,0.75,0.31,1,log,lasso,73.39077810227127,0.7076,0.5172907989520822,"{'branching': ['V1.7'], 'leaves': [{0: 0.0, 1: 1.0}, {0: 1.0, 1: 0.0}]}"
4,0.75,0.32,1,tree,linear,110.93848330628626,0.6272,0.5135360284316813,"{'branching': ['V1.8'], 'leaves': [{0: 0.0, 1: 1.0}, {0: 1.0, 1: 0.0}]}"
4,0.75,0.32,1,tree,lasso,264.74850019859144,0.4241,0.4981550267424524,"{'branching': ['V1.3'], 'leaves': [{0: 1.0, 1: 0.0}, {0: 1.0, 1: 0.0}]}"
4,0.75,0.32,1,log,linear,110.93848330628626,0.6272,0.5135360284316813,"{'branching': ['V1.8'], 'leaves': [{0: 0.0, 1: 1.0}, {0: 1.0, 1: 0.0}]}"
4,0.75,0.32,1,log,lasso,73.39077810227127,0.7076,0.5172907989520822,"{'branching': ['V1.7'], 'leaves': [{0: 0.0, 1: 1.0}, {0: 1.0, 1: 0.0}]}"
4,0.75,0.33,1,tree,linear,110.93848330628626,0.6272,0.5135360284316813,"{'branching': ['V1.8'], 'leaves': [{0: 0.0, 1: 1.0}, {0: 1.0, 1: 0.0}]}"
4,0.75,0.33,1,tree,lasso,264.74850019859144,0.4241,0.4981550267424524,"{'branching': ['V1.1'], 'leaves': [{0: 1.0, 1: 0.0}, {0: 1.0, 1: 0.0}]}"
4,0.75,0.33,1,log,linear,110.93848330628626,0.6272,0.5135360284316813,"{'branching': ['V1.8'], 'leaves': [{0: 0.0, 1: 1.0}, {0: 1.0, 1: 0.0}]}"
4,0.75,0.33,1,log,lasso,73.39077810227127,0.7076,0.5172907989520822,"{'branching': ['V1.7'], 'leaves': [{0: 0.0, 1: 1.0}, {0: 1.0, 1: 0.0}]}"
4,0.75,0.34,1,tree,linear,110.93848330628626,0.6272,0.5135360284316813,"{'branching': ['V1.8'], 'leaves': [{0: 0.0, 1: 1.0}, {0: 1.0, 1: 0.0}]}"
4,0.75,0.34,1,tree,lasso,264.74850019859144,0.4241,0.4981550267424524,"{'branching': ['V1.1'], 'leaves': [{0: 1.0, 1: 0.0}, {0: 1.0, 1: 0.0}]}"
4,0.75,0.34,1,log,linear,110.93848330628626,0.6272,0.5135360284316813,"{'branching': ['V1.8'], 'leaves': [{0: 0.0, 1: 1.0}, {0: 1.0, 1: 0.0}]}"
4,0.75,0.34,1,log,lasso,73.39077810227127,0.7076,0.5172907989520822,"{'branching': ['V1.7'], 'leaves': [{0: 0.0, 1: 1.0}, {0: 1.0, 1: 0.0}]}"
4,0.75,0.35,1,tree,linear,110.93848330628626,0.6272,0.5135360284316813,"{'branching': ['V1.8'], 'leaves': [{0: 0.0, 1: 1.0}, {0: 1.0, 1: 0.0}]}"
4,0.75,0.35,1,tree,lasso,264.74850019859144,0.4241,0.4981550267424524,"{'branching': ['V1.1'], 'leaves': [{0: 1.0, 1: 0.0}, {0: 1.0, 1: 0.0}]}"
4,0.75,0.35,1,log,linear,110.93848330628626,0.6272,0.5135360284316813,"{'branching': ['V1.8'], 'leaves': [{0: 0.0, 1: 1.0}, {0: 1.0, 1: 0.0}]}"
4,0.75,0.35,1,log,lasso,73.39077810227127,0.7076,0.5172907989520822,"{'branching': ['V1.7'], 'leaves': [{0: 0.0, 1: 1.0}, {0: 1.0, 1: 0.0}]}"
4,0.75,0.36,1,tree,linear,110.93848330628626,0.6272,0.5135360284316813,"{'branching': ['V1.8'], 'leaves': [{0: 0.0, 1: 1.0}, {0: 1.0, 1: 0.0}]}"
4,0.75,0.36,1,tree,lasso,264.74850019859144,0.4241,0.4981550267424524,"{'branching': ['V1.1'], 'leaves': [{0: 1.0, 1: 0.0}, {0: 1.0, 1: 0.0}]}"
4,0.75,0.36,1,log,linear,110.93848330628626,0.6272,0.5135360284316813,"{'branching': ['V1.8'], 'leaves': [{0: 0.0, 1: 1.0}, {0: 1.0, 1: 0.0}]}"
4,0.75,0.36,1,log,lasso,73.39077810227127,0.7076,0.5172907989520822,"{'branching': ['V1.7'], 'leaves': [{0: 0.0, 1: 1.0}, {0: 1.0, 1: 0.0}]}"
4,0.75,0.37,1,tree,linear,110.93848330628626,0.6272,0.5135360284316813,"{'branching': ['V1.8'], 'leaves': [{0: 0.0, 1: 1.0}, {0: 1.0, 1: 0.0}]}"
4,0.75,0.37,1,tree,lasso,264.74850019859144,0.4241,0.4981550267424524,"{'branching': ['V1.1'], 'leaves': [{0: 1.0, 1: 0.0}, {0: 1.0, 1: 0.0}]}"
4,0.75,0.37,1,log,linear,110.93848330628626,0.6272,0.5135360284316813,"{'branching': ['V1.8'], 'leaves': [{0: 0.0, 1: 1.0}, {0: 1.0, 1: 0.0}]}"
4,0.75,0.37,1,log,lasso,73.39077810227127,0.7076,0.5172907989520822,"{'branching': ['V1.7'], 'leaves': [{0: 0.0, 1: 1.0}, {0: 1.0, 1: 0.0}]}"
4,0.75,0.38,1,tree,linear,110.938483306286,0.6272,0.5135360284316814,"{'branching': ['V1.8'], 'leaves': [{0: 0.0, 1: 1.0000000000000002}, {0: 1.0, 1: 0.0}]}"
4,0.75,0.38,1,tree,lasso,264.74850019859144,0.4241,0.4981550267424524,"{'branching': ['V1.1'], 'leaves': [{0: 1.0, 1: 0.0}, {0: 1.0, 1: 0.0}]}"
4,0.75,0.38,1,log,linear,110.93848330628626,0.6272,0.5135360284316813,"{'branching': ['V1.8'], 'leaves': [{0: 0.0, 1: 1.0}, {0: 1.0, 1: 0.0}]}"
4,0.75,0.38,1,log,lasso,73.39077810227127,0.7076,0.5172907989520822,"{'branching': ['V1.7'], 'leaves': [{0: 0.0, 1: 1.0}, {0: 1.0, 1: 0.0}]}"
4,0.75,0.39,1,tree,linear,110.93848330628626,0.6272,0.5135360284316813,"{'branching': ['V1.8'], 'leaves': [{0: 0.0, 1: 1.0}, {0: 1.0, 1: 0.0}]}"
4,0.75,0.39,1,tree,lasso,264.74850019859144,0.4241,0.4981550267424524,"{'branching': ['V1.1'], 'leaves': [{0: 1.0, 1: 0.0}, {0: 1.0, 1: 0.0}]}"
4,0.75,0.39,1,log,linear,110.93848330628626,0.6272,0.5135360284316813,"{'branching': ['V1.8'], 'leaves': [{0: 0.0, 1: 1.0}, {0: 1.0, 1: 0.0}]}"
4,0.75,0.39,1,log,lasso,73.39077810227127,0.7076,0.5172907989520822,"{'branching': ['V1.7'], 'leaves': [{0: 0.0, 1: 1.0}, {0: 1.0, 1: 0.0}]}"
4,0.75,0.4,1,tree,linear,110.93848330628626,0.6272,0.5135360284316813,"{'branching': ['V1.8'], 'leaves': [{0: 0.0, 1: 1.0}, {0: 1.0, 1: 0.0}]}"
4,0.75,0.4,1,tree,lasso,264.74850019859144,0.4241,0.4981550267424524,"{'branching': ['V1.1'], 'leaves': [{0: 1.0, 1: 0.0}, {0: 1.0, 1: 0.0}]}"
4,0.75,0.4,1,log,linear,110.93848330628626,0.6272,0.5135360284316813,"{'branching': ['V1.8'], 'leaves': [{0: 0.0, 1: 1.0}, {0: 1.0, 1: 0.0}]}"
4,0.75,0.4,1,log,lasso,73.39077810227127,0.7076,0.5172907989520822,"{'branching': ['V1.7'], 'leaves': [{0: 0.0, 1: 1.0}, {0: 1.0, 1: 0.0}]}"
5,0.75,0.05,1,tree,linear,96.66755775323166,0.7075,0.5025302843613653,"{'branching': ['V1.9'], 'leaves': [{0: 0.5192307692307693, 1: 0.4807692307692307}, {0: 1.0, 1: 0.0}]}"
5,0.75,0.05,1,tree,lasso,96.66755775323166,0.7026,0.5025302843613653,"{'branching': ['V1.9'], 'leaves': [{0: 0.5192307692307693, 1: 0.4807692307692307}, {0: 1.0, 1: 0.0}]}"
5,0.75,0.05,1,log,linear,96.66755775323163,0.7017,0.5025302843613653,"{'branching': ['V1.9'], 'leaves': [{0: 0.5192307692307692, 1: 0.48076923076923084}, {0: 1.0, 1: 0.0}]}"
5,0.75,0.05,1,log,lasso,104.7326723776501,0.6979,0.5017237728989228,"{'branching': ['V1.8'], 'leaves': [{0: 0.7474747474747475, 1: 0.2525252525252525}, {0: 1.0, 1: 0.0}]}"
5,0.75,0.06,1,tree,linear,90.25400200485096,0.7159,0.5031716399362024,"{'branching': ['V1.9'], 'leaves': [{0: 0.4230769230769231, 1: 0.5769230769230769}, {0: 1.0, 1: 0.0}]}"
5,0.75,0.06,1,tree,lasso,90.25400200485096,0.7152,0.5031716399362024,"{'branching': ['V1.9'], 'leaves': [{0: 0.4230769230769231, 1: 0.5769230769230769}, {0: 1.0, 1: 0.0}]}"
5,0.75,0.06,1,log,linear,90.25400200485096,0.7172,0.5031716399362024,"{'branching': ['V1.9'], 'leaves': [{0: 0.4230769230769231, 1: 0.5769230769230769}, {0: 1.0, 1: 0.0}]}"
5,0.75,0.06,1,log,lasso,99.93213955415308,0.7103,0.5022038261812735,"{'branching': ['V1.8'], 'leaves': [{0: 0.6969696969696969, 1: 0.3030303030303031}, {0: 1.0, 1: 0.0}]}"
5,0.75,0.07,1,tree,linear,83.84044625647023,0.7229,0.5038129955110412,"{'branching': ['V1.9'], 'leaves': [{0: 0.326923076923077, 1: 0.673076923076923}, {0: 1.0, 1: 0.0}]}"
5,0.75,0.07,1,tree,lasso,83.84044625646825,0.7261,0.5038129955110414,"{'branching': ['V1.9'], 'leaves': [{0: 0.3269230769230769, 1: 0.6730769230769231}, {0: 1.0000000000000004, 1: 0.0}]}"
5,0.75,0.07,1,log,linear,83.84044625647013,0.7262,0.5038129955110412,"{'branching': ['V1.9'], 'leaves': [{0: 0.32692307692307704, 1: 0.6730769230769231}, {0: 1.0, 1: 0.0}]}"
5,0.75,0.07,1,log,lasso,95.13160673065607,0.7172,0.5026838794636226,"{'branching': ['V1.8'], 'leaves': [{0: 0.6464646464646465, 1: 0.3535353535353535}, {0: 1.0, 1: 0.0}]}"
5,0.75,0.08,1,tree,linear,77.42689050808954,0.7334,0.5044543510858782,"{'branching': ['V1.9'], 'leaves': [{0: 0.23076923076923078, 1: 0.7692307692307692}, {0: 1.0, 1: 0.0}]}"
5,0.75,0.08,1,tree,lasso,77.42689050808949,0.7331,0.5044543510858782,"{'branching': ['V1.9'], 'leaves': [{0: 0.23076923076923075, 1: 0.7692307692307693}, {0: 1.0, 1: 0.0}]}"
5,0.75,0.08,1,log,linear,77.42689050808954,0.7332,0.5044543510858782,"{'branching': ['V1.9'], 'leaves': [{0: 0.23076923076923078, 1: 0.7692307692307692}, {0: 1.0, 1: 0.0}]}"
5,0.75,0.08,1,log,lasso,90.33107390715917,0.7202,0.5031639327459725,"{'branching': ['V1.8'], 'leaves': [{0: 0.5959595959595959, 1: 0.404040404040404}, {0: 1.0, 1: 0.0}]}"
5,0.75,0.09,1,tree,linear,71.01333475970877,0.7421,0.5050957066607173,"{'branching': ['V1.9'], 'leaves': [{0: 0.1346153846153846, 1: 0.8653846153846154}, {0: 1.0, 1: 0.0}]}"
5,0.75,0.09,1,tree,lasso,71.01333475970705,0.7431,0.5050957066607175,"{'branching': ['V1.9'], 'leaves': [{0: 0.1346153846153847, 1: 0.8653846153846153}, {0: 1.0000000000000002, 1: 1.942890293094024e-16}]}"
5,0.75,0.09,1,log,linear,71.01333475970877,0.7432,0.5050957066607173,"{'branching': ['V1.9'], 'leaves': [{0: 0.1346153846153846, 1: 0.8653846153846154}, {0: 1.0, 1: 0.0}]}"
5,0.75,0.09,1,log,lasso,85.530541083662,0.7363,0.5036439860283214,"{'branching': ['V1.8'], 'leaves': [{0: 0.5454545454545454, 1: 0.4545454545454546}, {0: 1.0, 1: 0.0}]}"
5,0.75,0.1,1,tree,linear,64.59977901132805,0.7525,0.5057370622355554,"{'branching': ['V1.9'], 'leaves': [{0: 0.03846153846153846, 1: 0.9615384615384616}, {0: 1.0, 1: 0.0}]}"
5,0.75,0.1,1,tree,lasso,64.5997790113261,0.7531,0.5057370622355556,"{'branching': ['V1.9'], 'leaves': [{0: 0.03846153846153848, 1: 0.9615384615384616}, {0: 1.0000000000000004, 1: 5.204170427930421e-18}]}"
5,0.75,0.1,1,log,linear,64.59977901132805,0.7525,0.5057370622355554,"{'branching': ['V1.9'], 'leaves': [{0: 0.038461538461538464, 1: 0.9615384615384616}, {0: 1.0, 1: 0.0}]}"
5,0.75,0.1,1,log,lasso,80.73000826016477,0.7435,0.5041240393106712,"{'branching': ['V1.8'], 'leaves': [{0: 0.49494949494949486, 1: 0.5050505050505053}, {0: 1.0, 1: 0.0}]}"
5,0.75,0.11,1,tree,linear,62.034356711975775,0.756,0.5059936044654905,"{'branching': ['V1.9'], 'leaves': [{0: 0.0, 1: 1.0}, {0: 1.0, 1: 0.0}]}"
5,0.75,0.11,1,tree,lasso,62.034356711975775,0.756,0.5059936044654905,"{'branching': ['V1.9'], 'leaves': [{0: 0.0, 1: 1.0}, {0: 1.0, 1: 0.0}]}"
5,0.75,0.11,1,log,linear,62.034356711975775,0.756,0.5059936044654905,"{'branching': ['V1.9'], 'leaves': [{0: 0.0, 1: 1.0}, {0: 1.0, 1: 0.0}]}"
5,0.75,0.11,1,log,lasso,75.92947543666831,0.7518,0.5046040925930202,"{'branching': ['V1.8'], 'leaves': [{0: 0.4444444444444447, 1: 0.555555555555555}, {0: 1.0, 1: 0.0}]}"
5,0.75,0.12,1,tree,linear,62.034356711975775,0.756,0.5059936044654905,"{'branching': ['V1.9'], 'leaves': [{0: 0.0, 1: 1.0}, {0: 1.0, 1: 0.0}]}"
5,0.75,0.12,1,tree,lasso,62.034356711975775,0.756,0.5059936044654905,"{'branching': ['V1.9'], 'leaves': [{0: 0.0, 1: 1.0}, {0: 1.0, 1: 0.0}]}"
5,0.75,0.12,1,log,linear,62.034356711975775,0.756,0.5059936044654905,"{'branching': ['V1.9'], 'leaves': [{0: 0.0, 1: 1.0}, {0: 1.0, 1: 0.0}]}"
5,0.75,0.12,1,log,lasso,71.12894261317167,0.7641,0.5050841458753716,"{'branching': ['V1.8'], 'leaves': [{0: 0.393939393939394, 1: 0.6060606060606061}, {0: 0.9999999999999998, 1: 0.0}]}"
5,0.75,0.13,1,tree,linear,62.034356711975775,0.756,0.5059936044654905,"{'branching': ['V1.9'], 'leaves': [{0: 0.0, 1: 1.0}, {0: 1.0, 1: 0.0}]}"
5,0.75,0.13,1,tree,lasso,62.034356711975775,0.756,0.5059936044654905,"{'branching': ['V1.9'], 'leaves': [{0: 0.0, 1: 1.0}, {0: 1.0, 1: 0.0}]}"
5,0.75,0.13,1,log,linear,62.034356711975775,0.756,0.5059936044654905,"{'branching': ['V1.9'], 'leaves': [{0: 0.0, 1: 1.0}, {0: 1.0, 1: 0.0}]}"
5,0.75,0.13,1,log,lasso,66.3284097896739,0.771,0.5055641991577203,"{'branching': ['V1.8'], 'leaves': [{0: 0.3434343434343434, 1: 0.6565656565656566}, {0: 1.0, 1: 0.0}]}"
5,0.75,0.14,1,tree,linear,61.52787696617693,0.7803,0.5060442524400706,"{'branching': ['V1.8'], 'leaves': [{0: 0.2929292929292929, 1: 0.7070707070707071}, {0: 1.0, 1: 0.0}]}"
5,0.75,0.14,1,tree,lasso,61.52787696617781,0.7738,0.5060442524400706,"{'branching': ['V1.8'], 'leaves': [{0: 0.29292929292929276, 1: 0.707070707070707}, {0: 0.9999999999999999, 1: 0.0}]}"
5,0.75,0.14,1,log,linear,61.52787696617687,0.7806,0.5060442524400706,"{'branching': ['V1.8'], 'leaves': [{0: 0.29292929292929293, 1: 0.7070707070707071}, {0: 1.0, 1: 0.0}]}"
5,0.75,0.14,1,log,lasso,61.52787696617687,0.7758,0.5060442524400706,"{'branching': ['V1.8'], 'leaves': [{0: 0.29292929292929293, 1: 0.7070707070707071}, {0: 1.0, 1: 0.0}]}"
5,0.75,0.15,1,tree,linear,56.72734414267984,0.7823,0.5065243057224189,"{'branching': ['V1.8'], 'leaves': [{0: 0.24242424242424243, 1: 0.7575757575757576}, {0: 1.0, 1: 0.0}]}"
5,0.75,0.15,1,tree,lasso,56.72734414267984,0.7867,0.5065243057224189,"{'branching': ['V1.8'], 'leaves': [{0: 0.24242424242424243, 1: 0.7575757575757576}, {0: 1.0, 1: 0.0}]}"
5,0.75,0.15,1,log,linear,56.72734414267984,0.7846,0.5065243057224189,"{'branching': ['V1.8'], 'leaves': [{0: 0.24242424242424243, 1: 0.7575757575757576}, {0: 1.0, 1: 0.0}]}"
5,0.75,0.15,1,log,lasso,56.72734414267984,0.7885,0.5065243057224189,"{'branching': ['V1.8'], 'leaves': [{0: 0.24242424242424243, 1: 0.7575757575757576}, {0: 1.0, 1: 0.0}]}"
5,0.75,0.16,1,tree,linear,51.92681131918282,0.7941,0.5070043590047699,"{'branching': ['V1.8'], 'leaves': [{0: 0.19191919191919193, 1: 0.8080808080808081}, {0: 1.0, 1: 0.0}]}"
5,0.75,0.16,1,tree,lasso,51.926811319182846,0.7942,0.5070043590047699,"{'branching': ['V1.8'], 'leaves': [{0: 0.1919191919191919, 1: 0.8080808080808081}, {0: 1.0, 1: 0.0}]}"
5,0.75,0.16,1,log,linear,51.926811319182846,0.792,0.5070043590047699,"{'branching': ['V1.8'], 'leaves': [{0: 0.1919191919191919, 1: 0.8080808080808081}, {0: 1.0, 1: 0.0}]}"
5,0.75,0.16,1,log,lasso,51.926811319182846,0.7945,0.5070043590047699,"{'branching': ['V1.8'], 'leaves': [{0: 0.1919191919191919, 1: 0.8080808080808081}, {0: 1.0, 1: 0.0}]}"
5,0.75,0.17,1,tree,linear,47.12627849568579,0.8029,0.5074844122871185,"{'branching': ['V1.8'], 'leaves': [{0: 0.14141414141414144, 1: 0.8585858585858586}, {0: 1.0, 1: 0.0}]}"
5,0.75,0.17,1,tree,lasso,47.126278495685824,0.803,0.5074844122871185,"{'branching': ['V1.8'], 'leaves': [{0: 0.1414141414141414, 1: 0.8585858585858586}, {0: 1.0, 1: 0.0}]}"
5,0.75,0.17,1,log,linear,47.12627849568579,0.8041,0.5074844122871185,"{'branching': ['V1.8'], 'leaves': [{0: 0.14141414141414144, 1: 0.8585858585858586}, {0: 1.0, 1: 0.0}]}"
5,0.75,0.17,1,log,lasso,47.126278495685824,0.8056,0.5074844122871185,"{'branching': ['V1.8'], 'leaves': [{0: 0.1414141414141414, 1: 0.8585858585858586}, {0: 1.0, 1: 0.0}]}"
5,0.75,0.18,1,tree,linear,42.3257456721888,0.812,0.507964465569468,"{'branching': ['V1.8'], 'leaves': [{0: 0.09090909090909091, 1: 0.9090909090909091}, {0: 1.0, 1: 0.0}]}"
5,0.75,0.18,1,tree,lasso,42.3257456721888,0.8096,0.507964465569468,"{'branching': ['V1.8'], 'leaves': [{0: 0.09090909090909091, 1: 0.9090909090909091}, {0: 1.0, 1: 0.0}]}"
5,0.75,0.18,1,log,linear,42.32574567218883,0.8129,0.507964465569468,"{'branching': ['V1.8'], 'leaves': [{0: 0.09090909090909088, 1: 0.9090909090909091}, {0: 1.0, 1: 0.0}]}"
5,0.75,0.18,1,log,lasso,42.325745672188766,0.81,0.507964465569468,"{'branching': ['V1.8'], 'leaves': [{0: 0.09090909090909094, 1: 0.9090909090909091}, {0: 1.0, 1: 0.0}]}"
5,0.75,0.19,1,tree,linear,37.52521284869174,0.8207,0.5084445188518176,"{'branching': ['V1.8'], 'leaves': [{0: 0.04040404040404044, 1: 0.9595959595959596}, {0: 1.0, 1: 0.0}]}"
5,0.75,0.19,1,tree,lasso,37.525212848691794,0.8215,0.5084445188518176,"{'branching': ['V1.8'], 'leaves': [{0: 0.04040404040404051, 1: 0.9595959595959594}, {0: 1.0, 1: 0.0}]}"
5,0.75,0.19,1,log,linear,37.52521284869178,0.821,0.5084445188518176,"{'branching': ['V1.8'], 'leaves': [{0: 0.04040404040404041, 1: 0.9595959595959596}, {0: 1.0, 1: 0.0}]}"
5,0.75,0.19,1,log,lasso,37.52521284869174,0.8219,0.5084445188518176,"{'branching': ['V1.8'], 'leaves': [{0: 0.04040404040404044, 1: 0.9595959595959596}, {0: 1.0, 1: 0.0}]}"
5,0.75,0.2,1,tree,linear,33.68478658989411,0.8274,0.5088285614776984,"{'branching': ['V1.8'], 'leaves': [{0: 0.0, 1: 1.0}, {0: 1.0, 1: 0.0}]}"
5,0.75,0.2,1,tree,lasso,33.68478658989411,0.8274,0.5088285614776984,"{'branching': ['V1.8'], 'leaves': [{0: 0.0, 1: 1.0}, {0: 1.0, 1: 0.0}]}"
5,0.75,0.2,1,log,linear,33.68478658989411,0.8274,0.5088285614776984,"{'branching': ['V1.8'], 'leaves': [{0: 0.0, 1: 1.0}, {0: 1.0, 1: 0.0}]}"
5,0.75,0.2,1,log,lasso,33.68478658989411,0.8274,0.5088285614776984,"{'branching': ['V1.8'], 'leaves': [{0: 0.0, 1: 1.0}, {0: 1.0, 1: 0.0}]}"
5,0.75,0.21,1,tree,linear,33.68478658989411,0.8274,0.5088285614776984,"{'branching': ['V1.8'], 'leaves': [{0: 0.0, 1: 1.0}, {0: 1.0, 1: 0.0}]}"
5,0.75,0.21,1,tree,lasso,33.68478658989411,0.8274,0.5088285614776984,"{'branching': ['V1.8'], 'leaves': [{0: 0.0, 1: 1.0}, {0: 1.0, 1: 0.0}]}"
5,0.75,0.21,1,log,linear,33.68478658989411,0.8274,0.5088285614776984,"{'branching': ['V1.8'], 'leaves': [{0: 0.0, 1: 1.0}, {0: 1.0, 1: 0.0}]}"
5,0.75,0.21,1,log,lasso,33.68478658989411,0.8274,0.5088285614776984,"{'branching': ['V1.8'], 'leaves': [{0: 0.0, 1: 1.0}, {0: 1.0, 1: 0.0}]}"
5,0.75,0.22,1,tree,linear,33.68478658989411,0.8274,0.5088285614776984,"{'branching': ['V1.8'], 'leaves': [{0: 0.0, 1: 1.0}, {0: 1.0, 1: 0.0}]}"
5,0.75,0.22,1,tree,lasso,33.68478658989411,0.8274,0.5088285614776984,"{'branching': ['V1.8'], 'leaves': [{0: 0.0, 1: 1.0}, {0: 1.0, 1: 0.0}]}"
5,0.75,0.22,1,log,linear,33.68478658989411,0.8274,0.5088285614776984,"{'branching': ['V1.8'], 'leaves': [{0: 0.0, 1: 1.0}, {0: 1.0, 1: 0.0}]}"
5,0.75,0.22,1,log,lasso,33.68478658989411,0.8274,0.5088285614776984,"{'branching': ['V1.8'], 'leaves': [{0: 0.0, 1: 1.0}, {0: 1.0, 1: 0.0}]}"
5,0.75,0.23,1,tree,linear,33.68478658989411,0.8274,0.5088285614776984,"{'branching': ['V1.8'], 'leaves': [{0: 0.0, 1: 1.0}, {0: 1.0, 1: 0.0}]}"
5,0.75,0.23,1,tree,lasso,33.68478658989411,0.8274,0.5088285614776984,"{'branching': ['V1.8'], 'leaves': [{0: 0.0, 1: 1.0}, {0: 1.0, 1: 0.0}]}"
5,0.75,0.23,1,log,linear,33.68478658989411,0.8274,0.5088285614776984,"{'branching': ['V1.8'], 'leaves': [{0: 0.0, 1: 1.0}, {0: 1.0, 1: 0.0}]}"
5,0.75,0.23,1,log,lasso,69.50523869464567,0.7656,0.5052465162672222,"{'branching': ['V1.6'], 'leaves': [{0: 0.41919191919191917, 1: 0.5808080808080809}, {0: 1.0, 1: 0.0}]}"
5,0.75,0.24,1,tree,linear,33.68478658989411,0.8274,0.5088285614776984,"{'branching': ['V1.8'], 'leaves': [{0: 0.0, 1: 1.0}, {0: 1.0, 1: 0.0}]}"
5,0.75,0.24,1,tree,lasso,33.68478658989411,0.8274,0.5088285614776984,"{'branching': ['V1.8'], 'leaves': [{0: 0.0, 1: 1.0}, {0: 1.0, 1: 0.0}]}"
5,0.75,0.24,1,log,linear,33.68478658989411,0.8274,0.5088285614776984,"{'branching': ['V1.8'], 'leaves': [{0: 0.0, 1: 1.0}, {0: 1.0, 1: 0.0}]}"
5,0.75,0.24,1,log,lasso,66.93001705114627,0.7696,0.5055040384315749,"{'branching': ['V1.6'], 'leaves': [{0: 0.3939393939393939, 1: 0.6060606060606061}, {0: 1.0, 1: 0.0}]}"
5,0.75,0.25,1,tree,linear,33.68478658989411,0.8274,0.5088285614776984,"{'branching': ['V1.8'], 'leaves': [{0: 0.0, 1: 1.0}, {0: 1.0, 1: 0.0}]}"
5,0.75,0.25,1,tree,lasso,33.68478658989411,0.8274,0.5088285614776984,"{'branching': ['V1.8'], 'leaves': [{0: 0.0, 1: 1.0}, {0: 1.0, 1: 0.0}]}"
5,0.75,0.25,1,log,linear,33.68478658989411,0.8274,0.5088285614776984,"{'branching': ['V1.8'], 'leaves': [{0: 0.0, 1: 1.0}, {0: 1.0, 1: 0.0}]}"
5,0.75,0.25,1,log,lasso,64.35479540764683,0.7737,0.5057615605959238,"{'branching': ['V1.6'], 'leaves': [{0: 0.3686868686868687, 1: 0.6313131313131313}, {0: 1.0, 1: 0.0}]}"
5,0.75,0.26,1,tree,linear,33.68478658989411,0.8274,0.5088285614776984,"{'branching': ['V1.8'], 'leaves': [{0: 0.0, 1: 1.0}, {0: 1.0, 1: 0.0}]}"
5,0.75,0.26,1,tree,lasso,33.68478658989411,0.8274,0.5088285614776984,"{'branching': ['V1.8'], 'leaves': [{0: 0.0, 1: 1.0}, {0: 1.0, 1: 0.0}]}"
5,0.75,0.26,1,log,linear,33.68478658989411,0.8274,0.5088285614776984,"{'branching': ['V1.8'], 'leaves': [{0: 0.0, 1: 1.0}, {0: 1.0, 1: 0.0}]}"
5,0.75,0.26,1,log,lasso,61.77957376414718,0.7801,0.5060190827602747,"{'branching': ['V1.6'], 'leaves': [{0: 0.3434343434343434, 1: 0.6565656565656566}, {0: 1.0, 1: 0.0}]}"
5,0.75,0.27,1,tree,linear,33.68478658989411,0.8274,0.5088285614776984,"{'branching': ['V1.8'], 'leaves': [{0: 0.0, 1: 1.0}, {0: 1.0, 1: 0.0}]}"
5,0.75,0.27,1,tree,lasso,33.68478658989411,0.8274,0.5088285614776984,"{'branching': ['V1.8'], 'leaves': [{0: 0.0, 1: 1.0}, {0: 1.0, 1: 0.0}]}"
5,0.75,0.27,1,log,linear,33.68478658989411,0.8274,0.5088285614776984,"{'branching': ['V1.8'], 'leaves': [{0: 0.0, 1: 1.0}, {0: 1.0, 1: 0.0}]}"
5,0.75,0.27,1,log,lasso,59.20435212064763,0.7866,0.5062766049246227,"{'branching': ['V1.6'], 'leaves': [{0: 0.3181818181818181, 1: 0.6818181818181819}, {0: 1.0, 1: 0.0}]}"
5,0.75,0.28,1,tree,linear,32.663531567183334,0.8408,0.5089306869799671,"{'branching': ['V1.7'], 'leaves': [{0: 0.09090909090909095, 1: 0.9090909090909091}, {0: 1.0, 1: 0.0}]}"
5,0.75,0.28,1,tree,lasso,56.62913047714832,0.7985,0.506534127088974,"{'branching': ['V1.6'], 'leaves': [{0: 0.29292929292929387, 1: 0.7070707070707061}, {0: 1.0, 1: 0.0}]}"
5,0.75,0.28,1,log,linear,32.6635315671834,0.8415,0.5089306869799671,"{'branching': ['V1.7'], 'leaves': [{0: 0.09090909090909091, 1: 0.9090909090909091}, {0: 1.0, 1: 0.0}]}"
5,0.75,0.28,1,log,lasso,56.62913047714788,0.7977,0.506534127088974,"{'branching': ['V1.6'], 'leaves': [{0: 0.292929292929293, 1: 0.707070707070707}, {0: 1.0, 1: 1.1102230246251565e-16}]}"
5,0.75,0.29,1,tree,linear,29.2323956768993,0.8494,0.5092738005689962,"{'branching': ['V1.7'], 'leaves': [{0: 0.05844155844155843, 1: 0.9415584415584416}, {0: 1.0, 1: 0.0}]}"
5,0.75,0.29,1,tree,lasso,54.053908833648535,0.7971,0.5067916492533233,"{'branching': ['V1.6'], 'leaves': [{0: 0.2676767676767675, 1: 0.7323232323232325}, {0: 1.0, 1: 0.0}]}"
5,0.75,0.29,1,log,linear,29.23239567689938,0.8464,0.5092738005689962,"{'branching': ['V1.7'], 'leaves': [{0: 0.058441558441558385, 1: 0.9415584415584416}, {0: 1.0, 1: 0.0}]}"
5,0.75,0.29,1,log,lasso,54.05390883364868,0.7951,0.5067916492533232,"{'branching': ['V1.6'], 'leaves': [{0: 0.2676767676767677, 1: 0.7323232323232323}, {0: 1.0, 1: 0.0}]}"
5,0.75,0.3,1,tree,linear,25.80125978661537,0.8554,0.5096169141580276,"{'branching': ['V1.7'], 'leaves': [{0: 0.025974025974025972, 1: 0.974025974025974}, {0: 1.0, 1: 0.0}]}"
5,0.75,0.3,1,tree,lasso,51.47868719014896,0.7967,0.5070491714176727,"{'branching': ['V1.6'], 'leaves': [{0: 0.24242424242424246, 1: 0.7575757575757576}, {0: 1.0, 1: 0.0}]}"
5,0.75,0.3,1,log,linear,25.80125978661536,0.8558,0.5096169141580276,"{'branching': ['V1.7'], 'leaves': [{0: 0.025974025974025976, 1: 0.974025974025974}, {0: 1.0, 1: 0.0}]}"
5,0.75,0.3,1,log,lasso,51.47868719014902,0.8002,0.5070491714176727,"{'branching': ['V1.6'], 'leaves': [{0: 0.24242424242424243, 1: 0.7575757575757576}, {0: 1.0, 1: 0.0}]}"
5,0.75,0.31,1,tree,linear,23.05635107438816,0.8608,0.5098914050292481,"{'branching': ['V1.7'], 'leaves': [{0: 0.0, 1: 1.0}, {0: 1.0, 1: 0.0}]}"
5,0.75,0.31,1,tree,lasso,48.90346554664948,0.8078,0.5073066935820223,"{'branching': ['V1.6'], 'leaves': [{0: 0.21717171717171724, 1: 0.7828282828282828}, {0: 1.0, 1: 0.0}]}"
5,0.75,0.31,1,log,linear,23.05635107438816,0.8608,0.5098914050292481,"{'branching': ['V1.7'], 'leaves': [{0: 0.0, 1: 1.0}, {0: 1.0, 1: 0.0}]}"
5,0.75,0.31,1,log,lasso,48.90346554665008,0.8099,0.5073066935820222,"{'branching': ['V1.6'], 'leaves': [{0: 0.21717171717171696, 1: 0.7828282828282828}, {0: 1.0, 1: 0.0}]}"
5,0.75,0.32,1,tree,linear,23.05635107438816,0.8608,0.5098914050292481,"{'branching': ['V1.7'], 'leaves': [{0: 0.0, 1: 1.0}, {0: 1.0, 1: 0.0}]}"
5,0.75,0.32,1,tree,lasso,46.32824390315,0.8139,0.5075642157463738,"{'branching': ['V1.6'], 'leaves': [{0: 0.1919191919191919, 1: 0.8080808080808081}, {0: 1.0, 1: 0.0}]}"
5,0.75,0.32,1,log,linear,23.05635107438816,0.8608,0.5098914050292481,"{'branching': ['V1.7'], 'leaves': [{0: 0.0, 1: 1.0}, {0: 1.0, 1: 0.0}]}"
5,0.75,0.32,1,log,lasso,46.32824390315,0.8127,0.5075642157463738,"{'branching': ['V1.6'], 'leaves': [{0: 0.1919191919191919, 1: 0.8080808080808081}, {0: 1.0, 1: 0.0}]}"
5,0.75,0.33,1,tree,linear,23.05635107438816,0.8608,0.5098914050292481,"{'branching': ['V1.7'], 'leaves': [{0: 0.0, 1: 1.0}, {0: 1.0, 1: 0.0}]}"
5,0.75,0.33,1,tree,lasso,43.75302225965032,0.8104,0.5078217379107224,"{'branching': ['V1.6'], 'leaves': [{0: 0.16666666666666666, 1: 0.8333333333333334}, {0: 1.0, 1: 0.0}]}"
5,0.75,0.33,1,log,linear,23.05635107438816,0.8608,0.5098914050292481,"{'branching': ['V1.7'], 'leaves': [{0: 0.0, 1: 1.0}, {0: 1.0, 1: 0.0}]}"
5,0.75,0.33,1,log,lasso,43.75302225965057,0.8158,0.5078217379107223,"{'branching': ['V1.6'], 'leaves': [{0: 0.16666666666666724, 1: 0.8333333333333327}, {0: 1.0, 1: 0.0}]}"
5,0.75,0.34,1,tree,linear,23.05635107438816,0.8608,0.5098914050292481,"{'branching': ['V1.7'], 'leaves': [{0: 0.0, 1: 1.0}, {0: 1.0, 1: 0.0}]}"
5,0.75,0.34,1,tree,lasso,41.17780061615091,0.8215,0.5080792600750714,"{'branching': ['V1.6'], 'leaves': [{0: 0.1414141414141414, 1: 0.8585858585858586}, {0: 1.0, 1: 0.0}]}"
5,0.75,0.34,1,log,linear,23.05635107438816,0.8608,0.5098914050292481,"{'branching': ['V1.7'], 'leaves': [{0: 0.0, 1: 1.0}, {0: 1.0, 1: 0.0}]}"
5,0.75,0.34,1,log,lasso,41.17780061615085,0.8234,0.5080792600750714,"{'branching': ['V1.6'], 'leaves': [{0: 0.14141414141414144, 1: 0.8585858585858586}, {0: 1.0, 1: 0.0}]}"
5,0.75,0.35,1,tree,linear,23.05635107438816,0.8608,0.5098914050292481,"{'branching': ['V1.7'], 'leaves': [{0: 0.0, 1: 1.0}, {0: 1.0, 1: 0.0}]}"
5,0.75,0.35,1,tree,lasso,38.602578972651294,0.827,0.5083367822394215,"{'branching': ['V1.6'], 'leaves': [{0: 0.11616161616161602, 1: 0.883838383838384}, {0: 1.0, 1: 0.0}]}"
5,0.75,0.35,1,log,linear,23.05635107438816,0.8608,0.5098914050292481,"{'branching': ['V1.7'], 'leaves': [{0: 0.0, 1: 1.0}, {0: 1.0, 1: 0.0}]}"
5,0.75,0.35,1,log,lasso,38.6025789726513,0.8248,0.5083367822394215,"{'branching': ['V1.6'], 'leaves': [{0: 0.11616161616161613, 1: 0.8838383838383839}, {0: 1.0, 1: 0.0}]}"
5,0.75,0.36,1,tree,linear,36.02735732915183,0.8306,0.5085943044037707,"{'branching': ['V1.6'], 'leaves': [{0: 0.09090909090909091, 1: 0.9090909090909091}, {0: 1.0, 1: 0.0}]}"
5,0.75,0.36,1,tree,lasso,36.02735732915183,0.8294,0.5085943044037707,"{'branching': ['V1.6'], 'leaves': [{0: 0.09090909090909091, 1: 0.9090909090909091}, {0: 1.0, 1: 0.0}]}"
5,0.75,0.36,1,log,linear,23.05635107438816,0.8608,0.5098914050292481,"{'branching': ['V1.7'], 'leaves': [{0: 0.0, 1: 1.0}, {0: 1.0, 1: 0.0}]}"
5,0.75,0.36,1,log,lasso,36.02735732915183,0.8298,0.5085943044037707,"{'branching': ['V1.6'], 'leaves': [{0: 0.09090909090909091, 1: 0.9090909090909091}, {0: 1.0, 1: 0.0}]}"
5,0.75,0.37,1,tree,linear,33.452135685652166,0.8335,0.5088518265681239,"{'branching': ['V1.6'], 'leaves': [{0: 0.06565656565656566, 1: 0.9343434343434344}, {0: 1.0, 1: 0.0}]}"
5,0.75,0.37,1,tree,lasso,33.452135685652166,0.835,0.5088518265681239,"{'branching': ['V1.6'], 'leaves': [{0: 0.06565656565656566, 1: 0.9343434343434344}, {0: 1.0, 1: 0.0}]}"
5,0.75,0.37,1,log,linear,33.45213568565233,0.8342,0.5088518265681238,"{'branching': ['V1.6'], 'leaves': [{0: 0.0656565656565657, 1: 0.9343434343434343}, {0: 1.0, 1: 0.0}]}"
5,0.75,0.37,1,log,lasso,33.452135685652166,0.836,0.5088518265681239,"{'branching': ['V1.6'], 'leaves': [{0: 0.06565656565656566, 1: 0.9343434343434344}, {0: 1.0, 1: 0.0}]}"
5,0.75,0.38,1,tree,linear,30.87691404215272,0.8378,0.5091093487324722,"{'branching': ['V1.6'], 'leaves': [{0: 0.04040404040404043, 1: 0.9595959595959596}, {0: 1.0, 1: 0.0}]}"
5,0.75,0.38,1,tree,lasso,30.87691404215277,0.8409,0.5091093487324722,"{'branching': ['V1.6'], 'leaves': [{0: 0.04040404040404041, 1: 0.9595959595959596}, {0: 1.0, 1: 0.0}]}"
5,0.75,0.38,1,log,linear,30.87691404215278,0.8395,0.5091093487324722,"{'branching': ['V1.6'], 'leaves': [{0: 0.0404040404040404, 1: 0.9595959595959596}, {0: 1.0, 1: 0.0}]}"
5,0.75,0.38,1,log,lasso,30.87691404215278,0.8401,0.5091093487324722,"{'branching': ['V1.6'], 'leaves': [{0: 0.0404040404040404, 1: 0.9595959595959596}, {0: 1.0, 1: 0.0}]}"
5,0.75,0.39,1,tree,linear,28.30169239865312,0.8458,0.5093668708968223,"{'branching': ['V1.6'], 'leaves': [{0: 0.015151515151515152, 1: 0.9848484848484849}, {0: 1.0, 1: 0.0}]}"
5,0.75,0.39,1,tree,lasso,28.30169239865324,0.8441,0.5093668708968223,"{'branching': ['V1.6'], 'leaves': [{0: 0.015151515151515093, 1: 0.9848484848484849}, {0: 1.0, 1: 0.0}]}"
5,0.75,0.39,1,log,linear,28.30169239865312,0.8442,0.5093668708968223,"{'branching': ['V1.6'], 'leaves': [{0: 0.015151515151515152, 1: 0.9848484848484849}, {0: 1.0, 1: 0.0}]}"
5,0.75,0.39,1,log,lasso,28.30169239865312,0.8436,0.5093668708968223,"{'branching': ['V1.6'], 'leaves': [{0: 0.015151515151515152, 1: 0.9848484848484849}, {0: 1.0, 1: 0.0}]}"
5,0.75,0.4,1,tree,linear,26.75655941255281,0.8475,0.5095213841954328,"{'branching': ['V1.6'], 'leaves': [{0: 0.0, 1: 1.0}, {0: 1.0000000000000002, 1: 0.0}]}"
5,0.75,0.4,1,tree,lasso,26.756559412553425,0.8475,0.5095213841954326,"{'branching': ['V1.6'], 'leaves': [{0: 0.0, 1: 1.0}, {0: 1.0, 1: 0.0}]}"
5,0.75,0.4,1,log,linear,26.756559412553425,0.8475,0.5095213841954326,"{'branching': ['V1.6'], 'leaves': [{0: 0.0, 1: 1.0}, {0: 1.0, 1: 0.0}]}"
5,0.75,0.4,1,log,lasso,26.756559412553425,0.8475,0.5095213841954326,"{'branching': ['V1.6'], 'leaves': [{0: 0.0, 1: 1.0}, {0: 1.0, 1: 0.0}]}"
1,0.9,0.05,1,tree,linear,143.970523486054,0.613,0.4813991199875381,"{'branching': ['V1.9'], 'leaves': [{0: 0.5192307692307723, 1: 0.4807692307692278}, {0: 0.9999999999999983, 1: 1.7208456881690163e-15}]}"
1,0.9,0.05,1,tree,lasso,143.9705234860538,0.6123,0.481399119987538,"{'branching': ['V1.9'], 'leaves': [{0: 0.5192307692307692, 1: 0.4807692307692308}, {0: 1.0, 1: 0.0}]}"
1,0.9,0.05,1,log,linear,165.31947269763248,0.5865,0.479264225066381,"{'branching': ['V2.1'], 'leaves': [{0: 1.0, 1: 2.7755575615628914e-17}, {0: 0.5370370370370373, 1: 0.46296296296296285}]}"
1,0.9,0.05,1,log,lasso,165.31947269763262,0.5862,0.479264225066381,"{'branching': ['V2.1'], 'leaves': [{0: 1.0, 1: 0.0}, {0: 0.5370370370370368, 1: 0.46296296296296297}]}"
1,0.9,0.06,1,tree,linear,136.84176043733405,0.6214,0.4821119962924096,"{'branching': ['V1.9'], 'leaves': [{0: 0.42307692307692313, 1: 0.5769230769230769}, {0: 1.0, 1: 0.0}]}"
1,0.9,0.06,1,tree,lasso,136.84176043733407,0.6216,0.4821119962924096,"{'branching': ['V1.9'], 'leaves': [{0: 0.4230769230769231, 1: 0.5769230769230769}, {0: 1.0, 1: 0.0}]}"
1,0.9,0.06,1,log,linear,162.46049949122855,0.5895,0.4795501223870217,"{'branching': ['V2.1'], 'leaves': [{0: 1.0, 1: 0.0}, {0: 0.4444444444444444, 1: 0.5555555555555556}]}"
1,0.9,0.06,1,log,lasso,162.46049949122855,0.5904,0.4795501223870217,"{'branching': ['V2.1'], 'leaves': [{0: 1.0, 1: 0.0}, {0: 0.4444444444444443, 1: 0.5555555555555558}]}"
1,0.9,0.07,1,tree,linear,129.71299738861433,0.6295,0.4828248725972823,"{'branching': ['V1.9'], 'leaves': [{0: 0.32692307692307704, 1: 0.6730769230769229}, {0: 1.0, 1: 5.551115123125783e-17}]}"
1,0.9,0.07,1,tree,lasso,129.71299738861433,0.6275,0.4828248725972823,"{'branching': ['V1.9'], 'leaves': [{0: 0.3269230769230773, 1: 0.6730769230769227}, {0: 1.0, 1: 5.551115123125783e-17}]}"
1,0.9,0.07,1,log,linear,159.60152628482462,0.5941,0.4798360197076616,"{'branching': ['V2.1'], 'leaves': [{0: 1.0, 1: 0.0}, {0: 0.35185185185185186, 1: 0.6481481481481481}]}"
1,0.9,0.07,1,log,lasso,159.60152628482456,0.5911,0.4798360197076616,"{'branching': ['V2.1'], 'leaves': [{0: 1.0, 1: 0.0}, {0: 0.3518518518518515, 1: 0.6481481481481486}]}"
1,0.9,0.08,1,tree,linear,122.58423433989464,0.6395,0.4835377489021547,"{'branching': ['V1.9'], 'leaves': [{0: 0.23076923076923078, 1: 0.7692307692307692}, {0: 1.0, 1: 0.0}]}"
1,0.9,0.08,1,tree,lasso,122.58423433989464,0.6391,0.4835377489021547,"{'branching': ['V1.9'], 'leaves': [{0: 0.2307692307692308, 1: 0.7692307692307692}, {0: 1.0, 1: 0.0}]}"
1,0.9,0.08,1,log,linear,156.74255307842068,0.5984,0.4801219170283028,"{'branching': ['V2.1'], 'leaves': [{0: 1.0, 1: 0.0}, {0: 0.25925925925925924, 1: 0.7407407407407407}]}"
1,0.9,0.08,1,log,lasso,156.74255307842066,0.5993,0.4801219170283028,"{'branching': ['V2.1'], 'leaves': [{0: 1.0, 1: 0.0}, {0: 0.2592592592592593, 1: 0.7407407407407407}]}"
1,0.9,0.09,1,tree,linear,115.45547129117487,0.6477,0.4842506252070266,"{'branching': ['V1.9'], 'leaves': [{0: 0.1346153846153846, 1: 0.8653846153846154}, {0: 1.0, 1: 0.0}]}"
1,0.9,0.09,1,tree,lasso,115.45547129117487,0.6475,0.4842506252070266,"{'branching': ['V1.9'], 'leaves': [{0: 0.1346153846153846, 1: 0.8653846153846154}, {0: 1.0, 1: 0.0}]}"
1,0.9,0.09,1,log,linear,153.8835798720167,0.602,0.4804078143489426,"{'branching': ['V2.1'], 'leaves': [{0: 1.0, 1: 0.0}, {0: 0.16666666666666685, 1: 0.8333333333333331}]}"
1,0.9,0.09,1,log,lasso,153.8835798720167,0.6003,0.4804078143489426,"{'branching': ['V2.1'], 'leaves': [{0: 1.0, 1: 0.0}, {0: 0.16666666666666669, 1: 0.8333333333333334}]}"
1,0.9,0.1,1,tree,linear,108.32670824245515,0.656,0.484963501511898,"{'branching': ['V1.9'], 'leaves': [{0: 0.038461538461538464, 1: 0.9615384615384616}, {0: 1.0, 1: 0.0}]}"
1,0.9,0.1,1,tree,lasso,108.32670824245515,0.6556,0.484963501511898,"{'branching': ['V1.9'], 'leaves': [{0: 0.038461538461538464, 1: 0.9615384615384616}, {0: 1.0, 1: 0.0}]}"
1,0.9,0.1,1,log,linear,151.02460666561274,0.6065,0.4806937116695831,"{'branching': ['V2.1'], 'leaves': [{0: 1.0, 1: 0.0}, {0: 0.07407407407407404, 1: 0.9259259259259259}]}"
1,0.9,0.1,1,log,lasso,151.02460666561274,0.6051,0.4806937116695831,"{'branching': ['V2.1'], 'leaves': [{0: 1.0, 1: 0.0}, {0: 0.07407407407407403, 1: 0.9259259259259259}]}"
1,0.9,0.11,1,tree,linear,106.57480445007153,0.6584,0.4851386918911399,"{'branching': ['V1.9'], 'leaves': [{0: 0.0, 1: 1.0}, {0: 0.9933035714285714, 1: 0.006696428571428603}]}"
1,0.9,0.11,1,tree,lasso,106.57480445007216,0.6586,0.4851386918911399,"{'branching': ['V1.9'], 'leaves': [{0: 0.0, 1: 1.0}, {0: 0.9933035714285713, 1: 0.006696428571428566}]}"
1,0.9,0.11,1,log,linear,149.00860505423486,0.6089,0.4808953118307211,"{'branching': ['V2.1'], 'leaves': [{0: 0.9977578475336322, 1: 0.0022421524663676527}, {0: 0.0, 1: 1.0}]}"
1,0.9,0.11,1,log,lasso,148.73742810048958,0.6093,0.4809224295260962,"{'branching': ['V2.1'], 'leaves': [{0: 1.0, 1: 3.0791341698588326e-17}, {0: 0.0, 1: 1.0}]}"
1,0.9,0.12,1,tree,linear,108.4074734952452,0.6563,0.4849554249866205,"{'branching': ['V1.9'], 'leaves': [{0: 0.0, 1: 1.0}, {0: 0.9821428571428572, 1: 0.017857142857142794}]}"
1,0.9,0.12,1,tree,lasso,108.40747349524548,0.6566,0.4849554249866206,"{'branching': ['V1.9'], 'leaves': [{0: 0.0, 1: 1.0}, {0: 0.9821428571428571, 1: 0.017857142857142846}]}"
1,0.9,0.12,1,log,linear,150.3644898229574,0.6064,0.4807597233538495,"{'branching': ['V2.1'], 'leaves': [{0: 0.9865470852017936, 1: 0.01345291479820623}, {0: 0.0, 1: 1.0}]}"
1,0.9,0.12,1,log,lasso,148.73742810048958,0.6093,0.4809224295260962,"{'branching': ['V2.1'], 'leaves': [{0: 1.0, 1: 0.0}, {0: 0.0, 1: 1.0}]}"
1,0.9,0.13,1,tree,linear,110.24014254041911,0.654,0.4847721580821038,"{'branching': ['V1.9'], 'leaves': [{0: 0.0, 1: 1.0}, {0: 0.9709821428571428, 1: 0.029017857142857165}]}"
1,0.9,0.13,1,tree,lasso,104.545388533502,0.6839,0.4853416334827932,"{'branching': ['V1.8'], 'leaves': [{0: 0.3627450980392156, 1: 0.6372549019607842}, {0: 1.0, 1: 0.0}]}"
1,0.9,0.13,1,log,linear,151.72037459167893,0.6044,0.480624134876976,"{'branching': ['V2.1'], 'leaves': [{0: 0.9753363228699552, 1: 0.024663677130044807}, {0: 0.0, 1: 1.0}]}"
1,0.9,0.13,1,log,lasso,148.73742810048958,0.6093,0.4809224295260962,"{'branching': ['V2.1'], 'leaves': [{0: 1.0, 1: 0.0}, {0: 0.0, 1: 1.0}]}"
1,0.9,0.14,1,tree,linear,98.7708539030286,0.6903,0.4859190869458401,"{'branching': ['V1.8'], 'leaves': [{0: 0.3137254901960784, 1: 0.6862745098039216}, {0: 1.0, 1: 0.0}]}"
1,0.9,0.14,1,tree,lasso,98.7708539030286,0.6967,0.4859190869458401,"{'branching': ['V1.8'], 'leaves': [{0: 0.3137254901960784, 1: 0.6862745098039216}, {0: 1.0, 1: 0.0}]}"
1,0.9,0.14,1,log,linear,98.77085390303084,0.696,0.48591908694584,"{'branching': ['V1.8'], 'leaves': [{0: 0.3137254901960846, 1: 0.686274509803915}, {0: 0.9999999999999949, 1: 5.10702591327572e-15}]}"
1,0.9,0.14,1,log,lasso,148.73742810048958,0.6093,0.4809224295260962,"{'branching': ['V2.1'], 'leaves': [{0: 1.0, 1: 0.0}, {0: 0.0, 1: 1.0}]}"
1,0.9,0.15,1,tree,linear,92.99631927255544,0.7001,0.486496540408888,"{'branching': ['V1.8'], 'leaves': [{0: 0.2647058823529412, 1: 0.7352941176470589}, {0: 1.0, 1: 0.0}]}"
1,0.9,0.15,1,tree,lasso,92.99631927255544,0.7028,0.486496540408888,"{'branching': ['V1.8'], 'leaves': [{0: 0.2647058823529412, 1: 0.7352941176470589}, {0: 1.0, 1: 0.0}]}"
1,0.9,0.15,1,log,linear,92.99631927255552,0.7011,0.486496540408888,"{'branching': ['V1.8'], 'leaves': [{0: 0.26470588235294085, 1: 0.7352941176470591}, {0: 1.0, 1: 0.0}]}"
1,0.9,0.15,1,log,lasso,148.73742810048958,0.6093,0.4809224295260962,"{'branching': ['V2.1'], 'leaves': [{0: 1.0, 1: 0.0}, {0: 0.0, 1: 1.0}]}"
1,0.9,0.16,1,tree,linear,87.22178464208238,0.711,0.4870739938719356,"{'branching': ['V1.8'], 'leaves': [{0: 0.21568627450980393, 1: 0.7843137254901961}, {0: 1.0, 1: 0.0}]}"
1,0.9,0.16,1,tree,lasso,87.22178464208238,0.7123,0.4870739938719356,"{'branching': ['V1.8'], 'leaves': [{0: 0.21568627450980393, 1: 0.7843137254901961}, {0: 1.0, 1: 0.0}]}"
1,0.9,0.16,1,log,linear,87.22178464208238,0.711,0.4870739938719356,"{'branching': ['V1.8'], 'leaves': [{0: 0.21568627450980354, 1: 0.7843137254901964}, {0: 1.0, 1: 0.0}]}"
1,0.9,0.16,1,log,lasso,148.73742810048958,0.6093,0.4809224295260962,"{'branching': ['V2.1'], 'leaves': [{0: 1.0, 1: 0.0}, {0: 0.0, 1: 1.0}]}"
1,0.9,0.17,1,tree,linear,81.44725001160921,0.7217,0.4876514473349824,"{'branching': ['V1.8'], 'leaves': [{0: 0.16666666666666666, 1: 0.8333333333333334}, {0: 1.0, 1: 0.0}]}"
1,0.9,0.17,1,tree,lasso,81.4472500116091,0.7186,0.4876514473349824,"{'branching': ['V1.8'], 'leaves': [{0: 0.16666666666666677, 1: 0.8333333333333334}, {0: 1.0, 1: 0.0}]}"
1,0.9,0.17,1,log,linear,81.44725001160924,0.7216,0.4876514473349824,"{'branching': ['V1.8'], 'leaves': [{0: 0.16666666666666663, 1: 0.8333333333333334}, {0: 1.0, 1: 0.0}]}"
1,0.9,0.17,1,log,lasso,148.73742810048958,0.6093,0.4809224295260962,"{'branching': ['V2.1'], 'leaves': [{0: 1.0, 1: 0.0}, {0: 0.0, 1: 1.0}]}"
1,0.9,0.18,1,tree,linear,75.67271538113616,0.7286,0.4882289007980289,"{'branching': ['V1.8'], 'leaves': [{0: 0.11764705882352941, 1: 0.8823529411764706}, {0: 1.0, 1: 0.0}]}"
1,0.9,0.18,1,tree,lasso,75.67271538113616,0.7299,0.4882289007980289,"{'branching': ['V1.8'], 'leaves': [{0: 0.11764705882352941, 1: 0.8823529411764706}, {0: 1.0, 1: 0.0}]}"
1,0.9,0.18,1,log,linear,75.67271538113611,0.7297,0.4882289007980289,"{'branching': ['V1.8'], 'leaves': [{0: 0.11764705882352933, 1: 0.8823529411764707}, {0: 1.0, 1: 0.0}]}"
1,0.9,0.18,1,log,lasso,148.73742810048958,0.6093,0.4809224295260962,"{'branching': ['V2.1'], 'leaves': [{0: 1.0, 1: 0.0}, {0: 0.0, 1: 1.0}]}"
1,0.9,0.19,1,tree,linear,69.89818075066299,0.7399,0.4888063542610777,"{'branching': ['V1.8'], 'leaves': [{0: 0.06862745098039216, 1: 0.9313725490196079}, {0: 1.0, 1: 0.0}]}"
1,0.9,0.19,1,tree,lasso,69.89818075066299,0.7396,0.4888063542610777,"{'branching': ['V1.8'], 'leaves': [{0: 0.06862745098039216, 1: 0.9313725490196079}, {0: 1.0, 1: 0.0}]}"
1,0.9,0.19,1,log,linear,69.89818075066303,0.7376,0.4888063542610777,"{'branching': ['V1.8'], 'leaves': [{0: 0.06862745098039223, 1: 0.9313725490196078}, {0: 1.0, 1: 0.0}]}"
1,0.9,0.19,1,log,lasso,148.73742810048958,0.6093,0.4809224295260962,"{'branching': ['V2.1'], 'leaves': [{0: 1.0, 1: 0.0}, {0: 0.0, 1: 1.0}]}"
1,0.9,0.2,1,tree,linear,64.12364612018993,0.7478,0.4893838077241256,"{'branching': ['V1.8'], 'leaves': [{0: 0.019607843137254912, 1: 0.9803921568627451}, {0: 1.0, 1: 0.0}]}"
1,0.9,0.2,1,tree,lasso,64.12364612018989,0.7457,0.4893838077241256,"{'branching': ['V1.8'], 'leaves': [{0: 0.019607843137254943, 1: 0.9803921568627451}, {0: 1.0, 1: 0.0}]}"
1,0.9,0.2,1,log,linear,64.12364612018993,0.7463,0.4893838077241256,"{'branching': ['V1.8'], 'leaves': [{0: 0.0196078431372549, 1: 0.9803921568627451}, {0: 1.0, 1: 0.0}]}"
1,0.9,0.2,1,log,lasso,148.73742810048958,0.6093,0.4809224295260962,"{'branching': ['V2.1'], 'leaves': [{0: 1.0, 1: 0.0}, {0: 0.0, 1: 1.0}]}"
1,0.9,0.21,1,tree,linear,63.380680387617694,0.7501,0.4894581042973819,"{'branching': ['V1.8'], 'leaves': [{0: 0.0, 1: 1.0}, {0: 0.992462311557789, 1: 0.007537688442211032}]}"
1,0.9,0.21,1,tree,lasso,78.98147331058264,0.7339,0.4878980250050864,"{'branching': ['V1.7'], 'leaves': [{0: 0.28571428571428564, 1: 0.7142857142857144}, {0: 1.0, 1: 0.0}]}"
1,0.9,0.21,1,log,linear,63.380680387617694,0.7485,0.4894581042973819,"{'branching': ['V1.8'], 'leaves': [{0: 0.0, 1: 1.0}, {0: 0.992462311557789, 1: 0.007537688442211032}]}"
1,0.9,0.21,1,log,lasso,148.73742810049052,0.6093,0.4809224295260962,"{'branching': ['V2.1'], 'leaves': [{0: 0.9999999999999998, 1: 0.0}, {0: 0.0, 1: 1.0}]}"
1,0.9,0.22,1,tree,linear,65.99209392031284,0.7445,0.4891969629441133,"{'branching': ['V1.8'], 'leaves': [{0: 0.0, 1: 1.0}, {0: 0.9798994974874371, 1: 0.0201005025125629}]}"
1,0.9,0.22,1,tree,lasso,74.18943210015095,0.7525,0.4883772291261279,"{'branching': ['V1.7'], 'leaves': [{0: 0.25170068027210885, 1: 0.7482993197278911}, {0: 1.0, 1: 0.0}]}"
1,0.9,0.22,1,log,linear,74.18943210015095,0.7447,0.4883772291261279,"{'branching': ['V1.7'], 'leaves': [{0: 0.25170068027210885, 1: 0.7482993197278911}, {0: 1.0, 1: 0.0}]}"
1,0.9,0.22,1,log,lasso,148.73742810048958,0.6093,0.4809224295260962,"{'branching': ['V2.1'], 'leaves': [{0: 1.0, 1: 0.0}, {0: 0.0, 1: 1.0}]}"
1,0.9,0.23,1,tree,linear,68.60350745300782,0.7408,0.4889358215908418,"{'branching': ['V1.8'], 'leaves': [{0: 0.0, 1: 1.0}, {0: 0.9673366834170855, 1: 0.032663316582914576}]}"
1,0.9,0.23,1,tree,lasso,69.39739088971896,0.7541,0.4888564332471714,"{'branching': ['V1.7'], 'leaves': [{0: 0.217687074829932, 1: 0.782312925170068}, {0: 1.0, 1: 0.0}]}"
1,0.9,0.23,1,log,linear,69.397390889719,0.7585,0.4888564332471714,"{'branching': ['V1.7'], 'leaves': [{0: 0.21768707482993196, 1: 0.782312925170068}, {0: 1.0, 1: 0.0}]}"
1,0.9,0.23,1,log,lasso,141.50862121401065,0.6219,0.4816453102147442,"{'branching': ['V2.3'], 'leaves': [{0: 1.0, 1: 0.0}, {0: 0.21232876712328735, 1: 0.7876712328767127}]}"
1,0.9,0.24,1,tree,linear,64.60534967928703,0.7619,0.4893356373682154,"{'branching': ['V1.7'], 'leaves': [{0: 0.1836734693877551, 1: 0.8163265306122449}, {0: 1.0, 1: 0.0}]}"
1,0.9,0.24,1,tree,lasso,64.60534967928709,0.7634,0.4893356373682154,"{'branching': ['V1.7'], 'leaves': [{0: 0.18367346938775508, 1: 0.8163265306122449}, {0: 1.0, 1: 0.0}]}"
1,0.9,0.24,1,log,linear,64.60534967928703,0.7699,0.4893356373682154,"{'branching': ['V1.7'], 'leaves': [{0: 0.1836734693877551, 1: 0.8163265306122449}, {0: 1.0, 1: 0.0}]}"
1,0.9,0.24,1,log,lasso,139.8518508872451,0.6214,0.4818109872474201,"{'branching': ['V2.3'], 'leaves': [{0: 0.999999999999994, 1: 5.9952043329758445e-15}, {0: 0.17808219178083373, 1: 0.8219178082191663}]}"
1,0.9,0.25,1,tree,linear,59.81330846885511,0.774,0.4898148414892589,"{'branching': ['V1.7'], 'leaves': [{0: 0.14965986394557823, 1: 0.8503401360544218}, {0: 1.0, 1: 0.0}]}"
1,0.9,0.25,1,tree,lasso,59.813308468855226,0.7732,0.4898148414892589,"{'branching': ['V1.7'], 'leaves': [{0: 0.1496598639455784, 1: 0.8503401360544216}, {0: 1.0, 1: 0.0}]}"
1,0.9,0.25,1,log,linear,59.8133084688552,0.7744,0.4898148414892589,"{'branching': ['V1.7'], 'leaves': [{0: 0.14965986394557818, 1: 0.8503401360544218}, {0: 1.0, 1: 0.0}]}"
1,0.9,0.25,1,log,lasso,138.19508056047667,0.6241,0.4819766642800956,"{'branching': ['V2.3'], 'leaves': [{0: 1.0, 1: 0.0}, {0: 0.14383561643835607, 1: 0.8561643835616439}]}"
1,0.9,0.26,1,tree,linear,55.02126725842336,0.7849,0.4902940456103013,"{'branching': ['V1.7'], 'leaves': [{0: 0.11564625850340135, 1: 0.8843537414965986}, {0: 1.0, 1: 0.0}]}"
1,0.9,0.26,1,tree,lasso,55.02126725842334,0.7835,0.4902940456103013,"{'branching': ['V1.7'], 'leaves': [{0: 0.11564625850340136, 1: 0.8843537414965986}, {0: 1.0, 1: 0.0}]}"
1,0.9,0.26,1,log,linear,55.02126725842332,0.7805,0.4902940456103013,"{'branching': ['V1.7'], 'leaves': [{0: 0.11564625850340138, 1: 0.8843537414965986}, {0: 1.0, 1: 0.0}]}"
1,0.9,0.26,1,log,lasso,136.53831023370964,0.6272,0.4821423413127717,"{'branching': ['V2.3'], 'leaves': [{0: 1.0, 1: 0.0}, {0: 0.10958904109589039, 1: 0.8904109589041096}]}"
1,0.9,0.27,1,tree,linear,50.22922604799142,0.7901,0.4907732497313448,"{'branching': ['V1.7'], 'leaves': [{0: 0.08163265306122448, 1: 0.9183673469387755}, {0: 1.0, 1: 0.0}]}"
1,0.9,0.27,1,tree,lasso,50.22922604799162,0.7904,0.4907732497313448,"{'branching': ['V1.7'], 'leaves': [{0: 0.08163265306122447, 1: 0.9183673469387754}, {0: 1.0, 1: 0.0}]}"
1,0.9,0.27,1,log,linear,50.22922604799142,0.789,0.4907732497313448,"{'branching': ['V1.7'], 'leaves': [{0: 0.08163265306122448, 1: 0.9183673469387755}, {0: 1.0, 1: 0.0}]}"
1,0.9,0.27,1,log,lasso,134.88153990694275,0.6288,0.4823080183454483,"{'branching': ['V2.3'], 'leaves': [{0: 1.0, 1: 0.0}, {0: 0.07534246575342472, 1: 0.9246575342465752}]}"
1,0.9,0.28,1,tree,linear,45.43718483755954,0.8,0.4912524538523861,"{'branching': ['V1.7'], 'leaves': [{0: 0.04761904761904756, 1: 0.9523809523809524}, {0: 1.0, 1: 0.0}]}"
1,0.9,0.28,1,tree,lasso,45.4371848375594,0.7993,0.4912524538523861,"{'branching': ['V1.7'], 'leaves': [{0: 0.04761904761904766, 1: 0.9523809523809524}, {0: 1.0, 1: 0.0}]}"
1,0.9,0.28,1,log,linear,45.43718483755964,0.7999,0.4912524538523861,"{'branching': ['V1.7'], 'leaves': [{0: 0.047619047619047616, 1: 0.9523809523809523}, {0: 1.0, 1: 0.0}]}"
1,0.9,0.28,1,log,lasso,133.2247695801754,0.6315,0.4824736953781261,"{'branching': ['V2.3'], 'leaves': [{0: 1.0, 1: 0.0}, {0: 0.041095890410958326, 1: 0.9589041095890418}]}"
1,0.9,0.29,1,tree,linear,40.64514362712767,0.8077,0.4917316579734321,"{'branching': ['V1.7'], 'leaves': [{0: 0.013605442176870762, 1: 0.9863945578231292}, {0: 1.0, 1: 0.0}]}"
1,0.9,0.29,1,tree,lasso,40.645143627127695,0.8059,0.4917316579734321,"{'branching': ['V1.7'], 'leaves': [{0: 0.013605442176870748, 1: 0.9863945578231292}, {0: 1.0, 1: 0.0}]}"
1,0.9,0.29,1,log,linear,40.64514362712769,0.8064,0.4917316579734321,"{'branching': ['V1.7'], 'leaves': [{0: 0.013605442176870751, 1: 0.9863945578231292}, {0: 1.0, 1: 0.0}]}"
1,0.9,0.29,1,log,lasso,131.5679992534086,0.6349,0.4826393724108025,"{'branching': ['V2.3'], 'leaves': [{0: 1.0, 1: 0.0}, {0: 0.00684931506849315, 1: 0.9931506849315068}]}"
1,0.9,0.3,1,tree,linear,40.69110920239607,0.8065,0.4917270614159029,"{'branching': ['V1.7'], 'leaves': [{0: 0.0, 1: 1.0}, {0: 0.9915014164305949, 1: 0.008498583569405138}]}"
1,0.9,0.3,1,tree,lasso,38.72832714295491,0.8103,0.4919233396218481,"{'branching': ['V1.7'], 'leaves': [{0: 0.0, 1: 1.0}, {0: 1.0, 1: 0.0}]}"
1,0.9,0.3,1,log,linear,40.69110920239607,0.8073,0.4917270614159029,"{'branching': ['V1.7'], 'leaves': [{0: 0.0, 1: 1.0}, {0: 0.9915014164305949, 1: 0.008498583569405138}]}"
1,0.9,0.3,1,log,lasso,131.23664518805515,0.6355,0.4826725078173398,"{'branching': ['V2.3'], 'leaves': [{0: 1.0, 1: 0.0}, {0: 0.0, 1: 1.0}]}"
1,0.9,0.31,1,tree,linear,43.962412634798014,0.8016,0.4913999310726648,"{'branching': ['V1.7'], 'leaves': [{0: 0.0, 1: 1.0}, {0: 0.9773371104815863, 1: 0.022662889518413665}]}"
1,0.9,0.31,1,tree,lasso,38.72832714295491,0.8103,0.4919233396218481,"{'branching': ['V1.7'], 'leaves': [{0: 0.0, 1: 1.0}, {0: 1.0, 1: 0.0}]}"
1,0.9,0.31,1,log,linear,43.962412634798,0.8034,0.4913999310726648,"{'branching': ['V1.7'], 'leaves': [{0: 0.0, 1: 1.0}, {0: 0.9773371104815864, 1: 0.022662889518413554}]}"
1,0.9,0.31,1,log,lasso,131.23664518805515,0.6355,0.4826725078173398,"{'branching': ['V2.3'], 'leaves': [{0: 1.0, 1: 0.0}, {0: 0.0, 1: 1.0}]}"
1,0.9,0.32,1,tree,linear,47.233716067200334,0.7949,0.4910728007294239,"{'branching': ['V1.7'], 'leaves': [{0: 0.0, 1: 1.0}, {0: 0.9631728045325778, 1: 0.036827195467422066}]}"
1,0.9,0.32,1,tree,lasso,38.72832714295491,0.8103,0.4919233396218481,"{'branching': ['V1.7'], 'leaves': [{0: 0.0, 1: 1.0}, {0: 1.0, 1: 0.0}]}"
1,0.9,0.32,1,log,linear,47.23371606719993,0.7952,0.491072800729424,"{'branching': ['V1.7'], 'leaves': [{0: 0.0, 1: 1.0}, {0: 0.9631728045325779, 1: 0.03682719546742208}]}"
1,0.9,0.32,1,log,lasso,131.23664518805515,0.6355,0.4826725078173398,"{'branching': ['V2.3'], 'leaves': [{0: 1.0, 1: 0.0}, {0: 0.0, 1: 1.0}]}"
1,0.9,0.33,1,tree,linear,50.50501949960186,0.793,0.4907456703861838,"{'branching': ['V1.7'], 'leaves': [{0: 0.0, 1: 1.0}, {0: 0.9490084985835694, 1: 0.05099150141643061}]}"
1,0.9,0.33,1,tree,lasso,38.72832714295491,0.8103,0.4919233396218481,"{'branching': ['V1.7'], 'leaves': [{0: 0.0, 1: 1.0}, {0: 1.0, 1: 0.0}]}"
1,0.9,0.33,1,log,linear,50.50501949960186,0.7897,0.4907456703861838,"{'branching': ['V1.7'], 'leaves': [{0: 0.0, 1: 1.0}, {0: 0.9490084985835694, 1: 0.05099150141643061}]}"
1,0.9,0.33,1,log,lasso,131.23664518805515,0.6355,0.4826725078173398,"{'branching': ['V2.3'], 'leaves': [{0: 1.0, 1: 0.0}, {0: 0.0, 1: 1.0}]}"
1,0.9,0.34,1,tree,linear,53.77632293200378,0.7849,0.4904185400429439,"{'branching': ['V1.7'], 'leaves': [{0: 0.0, 1: 1.0}, {0: 0.934844192634561, 1: 0.06515580736543902}]}"
1,0.9,0.34,1,tree,lasso,38.72832714295491,0.8103,0.4919233396218481,"{'branching': ['V1.7'], 'leaves': [{0: 0.0, 1: 1.0}, {0: 1.0, 1: 0.0}]}"
1,0.9,0.34,1,log,linear,48.75263222732035,0.8037,0.4909209091134102,"{'branching': ['V1.6'], 'leaves': [{0: 0.1326530612244898, 1: 0.8673469387755102}, {0: 1.0, 1: 0.0}]}"
1,0.9,0.34,1,log,lasso,131.23664518805515,0.6355,0.4826725078173398,"{'branching': ['V2.3'], 'leaves': [{0: 1.0, 1: 0.0}, {0: 0.0, 1: 1.0}]}"
1,0.9,0.35,1,tree,linear,44.903758506662776,0.8085,0.4913057964854773,"{'branching': ['V1.6'], 'leaves': [{0: 0.1071428571428569, 1: 0.8928571428571431}, {0: 1.0000000000000002, 1: 0.0}]}"
1,0.9,0.35,1,tree,lasso,44.90375850666336,0.8048,0.4913057964854773,"{'branching': ['V1.6'], 'leaves': [{0: 0.10714285714285714, 1: 0.8928571428571429}, {0: 1.0, 1: 0.0}]}"
1,0.9,0.35,1,log,linear,44.90375850666341,0.808,0.4913057964854773,"{'branching': ['V1.6'], 'leaves': [{0: 0.10714285714285723, 1: 0.8928571428571428}, {0: 1.0, 1: 0.0}]}"
1,0.9,0.35,1,log,lasso,131.23664518805515,0.6355,0.4826725078173398,"{'branching': ['V2.3'], 'leaves': [{0: 1.0, 1: 0.0}, {0: 0.0, 1: 1.0}]}"
1,0.9,0.36,1,tree,linear,41.05488478600661,0.8184,0.4916906838575431,"{'branching': ['V1.6'], 'leaves': [{0: 0.08163265306122448, 1: 0.9183673469387755}, {0: 1.0, 1: 0.0}]}"
1,0.9,0.36,1,tree,lasso,41.05488478600661,0.8173,0.4916906838575431,"{'branching': ['V1.6'], 'leaves': [{0: 0.08163265306122448, 1: 0.9183673469387755}, {0: 1.0, 1: 0.0}]}"
1,0.9,0.36,1,log,linear,41.05488478600661,0.815,0.4916906838575431,"{'branching': ['V1.6'], 'leaves': [{0: 0.08163265306122448, 1: 0.9183673469387755}, {0: 1.0, 1: 0.0}]}"
1,0.9,0.36,1,log,lasso,131.23664518805515,0.6355,0.4826725078173398,"{'branching': ['V2.3'], 'leaves': [{0: 1.0, 1: 0.0}, {0: 0.0, 1: 1.0}]}"
1,0.9,0.37,1,tree,linear,37.20601106534983,0.8215,0.492075571229608,"{'branching': ['V1.6'], 'leaves': [{0: 0.05612244897959184, 1: 0.9438775510204082}, {0: 1.0, 1: 0.0}]}"
1,0.9,0.37,1,tree,lasso,37.20601106534983,0.8224,0.492075571229608,"{'branching': ['V1.6'], 'leaves': [{0: 0.05612244897959184, 1: 0.9438775510204082}, {0: 1.0, 1: 0.0}]}"
1,0.9,0.37,1,log,linear,37.206011065349855,0.8233,0.492075571229608,"{'branching': ['V1.6'], 'leaves': [{0: 0.05612244897959182, 1: 0.9438775510204082}, {0: 1.0, 1: 0.0}]}"
1,0.9,0.37,1,log,lasso,131.23664518805515,0.6355,0.4826725078173398,"{'branching': ['V2.3'], 'leaves': [{0: 1.0, 1: 0.0}, {0: 0.0, 1: 1.0}]}"
1,0.9,0.38,1,tree,linear,33.35713734469306,0.8285,0.492460458601675,"{'branching': ['V1.6'], 'leaves': [{0: 0.030612244897959183, 1: 0.9693877551020408}, {0: 1.0, 1: 0.0}]}"
1,0.9,0.38,1,tree,lasso,33.35713734469306,0.8288,0.492460458601675,"{'branching': ['V1.6'], 'leaves': [{0: 0.030612244897959183, 1: 0.9693877551020408}, {0: 1.0, 1: 0.0}]}"
1,0.9,0.38,1,log,linear,33.35713734469306,0.8285,0.492460458601675,"{'branching': ['V1.6'], 'leaves': [{0: 0.030612244897959183, 1: 0.9693877551020408}, {0: 1.0, 1: 0.0}]}"
1,0.9,0.38,1,log,lasso,131.23664518805515,0.6355,0.4826725078173398,"{'branching': ['V2.3'], 'leaves': [{0: 1.0, 1: 0.0}, {0: 0.0, 1: 1.0}]}"
1,0.9,0.39,1,tree,linear,29.508263624036054,0.8358,0.4928453459737391,"{'branching': ['V1.6'], 'leaves': [{0: 0.00510204081632653, 1: 0.9948979591836735}, {0: 1.0, 1: 0.0}]}"
1,0.9,0.39,1,tree,lasso,29.508263624036054,0.8355,0.4928453459737391,"{'branching': ['V1.6'], 'leaves': [{0: 0.00510204081632653, 1: 0.9948979591836735}, {0: 1.0, 1: 0.0}]}"
1,0.9,0.39,1,log,linear,29.508263624036054,0.8362,0.4928453459737391,"{'branching': ['V1.6'], 'leaves': [{0: 0.00510204081632653, 1: 0.9948979591836735}, {0: 1.0, 1: 0.0}]}"
1,0.9,0.39,1,log,lasso,131.23664518805515,0.6355,0.4826725078173398,"{'branching': ['V2.3'], 'leaves': [{0: 1.0, 1: 0.0}, {0: 0.0, 1: 1.0}]}"
1,0.9,0.4,1,tree,linear,31.90880283504463,0.8308,0.49260529205264,"{'branching': ['V1.6'], 'leaves': [{0: 0.0, 1: 1.0}, {0: 0.9868421052631579, 1: 0.013157894736842146}]}"
1,0.9,0.4,1,tree,lasso,28.7384888799048,0.8373,0.4929223234481531,"{'branching': ['V1.6'], 'leaves': [{0: 0.0, 1: 1.0}, {0: 1.0, 1: 0.0}]}"
1,0.9,0.4,1,log,linear,31.90880283504463,0.832,0.49260529205264,"{'branching': ['V1.6'], 'leaves': [{0: 0.0, 1: 1.0}, {0: 0.9868421052631579, 1: 0.013157894736842146}]}"
1,0.9,0.4,1,log,lasso,131.23664518805515,0.6355,0.4826725078173398,"{'branching': ['V2.3'], 'leaves': [{0: 1.0, 1: 0.0}, {0: 0.0, 1: 1.0}]}"
2,0.9,0.05,1,tree,linear,231.20788414586252,0.4691,0.4582000373472165,"{'branching': ['V1.9'], 'leaves': [{0: 0.5833333333333326, 1: 0.4166666666666674}, {0: 1.0, 1: 0.0}]}"
2,0.9,0.05,1,tree,lasso,257.71726588377135,0.4505,0.4555490991734253,"{'branching': ['V2.1'], 'leaves': [{0: 1.0, 1: 2.7755575615628914e-17}, {0: 0.4897959183673472, 1: 0.5102040816326527}]}"
2,0.9,0.05,1,log,linear,231.2078841458627,0.4696,0.4582000373472165,"{'branching': ['V1.9'], 'leaves': [{0: 0.5833333333333335, 1: 0.4166666666666665}, {0: 1.0, 1: 0.0}]}"
2,0.9,0.05,1,log,lasso,257.71726588377135,0.4501,0.4555490991734253,"{'branching': ['V2.1'], 'leaves': [{0: 1.0, 1: 0.0}, {0: 0.489795918367347, 1: 0.510204081632653}]}"
2,0.9,0.06,1,tree,lasso,254.42888454791583,0.452,0.4558779373070108,"{'branching': ['V2.1'], 'leaves': [{0: 0.9999999999999999, 1: 0.0}, {0: 0.3877551020408164, 1: 0.6122448979591838}]}"
2,0.9,0.06,1,log,lasso,254.42888454791523,0.4521,0.4558779373070108,"{'branching': ['V2.1'], 'leaves': [{0: 1.0, 1: 0.0}, {0: 0.3877551020408163, 1: 0.6122448979591837}]}"
2,0.9,0.07,1,tree,linear,214.027368778987,0.487,0.4599180888839032,"{'branching': ['V1.9'], 'leaves': [{0: 0.41666666666666663, 1: 0.5833333333333334}, {0: 1.0, 1: 0.0}]}"
2,0.9,0.07,1,tree,lasso,251.14050321205903,0.4581,0.4562067754405962,"{'branching': ['V2.1'], 'leaves': [{0: 1.0, 1: 0.0}, {0: 0.2857142857142858, 1: 0.7142857142857144}]}"
2,0.9,0.07,1,log,linear,214.027368778987,0.4895,0.4599180888839032,"{'branching': ['V1.9'], 'leaves': [{0: 0.4166666666666667, 1: 0.5833333333333333}, {0: 1.0, 1: 0.0}]}"
2,0.9,0.07,1,log,lasso,251.14050321205917,0.4608,0.4562067754405962,"{'branching': ['V2.1'], 'leaves': [{0: 1.0, 1: 0.0}, {0: 0.2857142857142857, 1: 0.7142857142857143}]}"
2,0.9,0.08,1,tree,linear,205.43711109554917,0.4949,0.4607771146522474,"{'branching': ['V1.9'], 'leaves': [{0: 0.3333333333333333, 1: 0.6666666666666667}, {0: 1.0, 1: 0.0}]}"
2,0.9,0.08,1,tree,lasso,247.8521218762031,0.4618,0.4565356135741821,"{'branching': ['V2.1'], 'leaves': [{0: 1.0, 1: 0.0}, {0: 0.18367346938775508, 1: 0.8163265306122449}]}"
2,0.9,0.08,1,log,linear,205.4371110955492,0.4961,0.4607771146522474,"{'branching': ['V1.9'], 'leaves': [{0: 0.33333333333333326, 1: 0.6666666666666667}, {0: 1.0, 1: 0.0}]}"
2,0.9,0.08,1,log,lasso,247.85212187620303,0.4653,0.4565356135741821,"{'branching': ['V2.1'], 'leaves': [{0: 1.0, 1: 0.0}, {0: 0.18367346938775506, 1: 0.8163265306122451}]}"
2,0.9,0.09,1,tree,linear,196.8468534121114,0.5009,0.4616361404205911,"{'branching': ['V1.9'], 'leaves': [{0: 0.25, 1: 0.75}, {0: 1.0, 1: 0.0}]}"
2,0.9,0.09,1,tree,lasso,244.56374054034688,0.4682,0.4568644517077678,"{'branching': ['V2.1'], 'leaves': [{0: 1.0, 1: 0.0}, {0: 0.0816326530612242, 1: 0.9183673469387762}]}"
2,0.9,0.09,1,log,linear,196.8468534121114,0.5016,0.4616361404205911,"{'branching': ['V1.9'], 'leaves': [{0: 0.2499999999999999, 1: 0.7500000000000001}, {0: 1.0, 1: 0.0}]}"
2,0.9,0.09,1,log,lasso,244.563740540347,0.4668,0.4568644517077678,"{'branching': ['V2.1'], 'leaves': [{0: 1.0, 1: 0.0}, {0: 0.08163265306122444, 1: 0.9183673469387755}]}"
2,0.9,0.1,1,tree,linear,188.2565957286736,0.5134,0.4624951661889351,"{'branching': ['V1.9'], 'leaves': [{0: 0.16666666666666666, 1: 0.8333333333333334}, {0: 1.0, 1: 0.0}]}"
2,0.9,0.1,1,tree,lasso,241.93303547166212,0.4708,0.4571275222146358,"{'branching': ['V2.1'], 'leaves': [{0: 1.0, 1: 0.0}, {0: 0.0, 1: 1.0}]}"
2,0.9,0.1,1,log,linear,188.25659572865996,0.5144,0.4624951661889365,"{'branching': ['V1.9'], 'leaves': [{0: 0.16666666666666427, 1: 0.8333333333333358}, {0: 1.0000000000000033, 1: 0.0}]}"
2,0.9,0.1,1,log,lasso,241.93303547166212,0.4708,0.4571275222146358,"{'branching': ['V2.1'], 'leaves': [{0: 1.0, 1: 0.0}, {0: 0.0, 1: 1.0}]}"
2,0.9,0.11,1,tree,linear,179.66633804523582,0.5211,0.4633541919572795,"{'branching': ['V1.9'], 'leaves': [{0: 0.08333333333333333, 1: 0.9166666666666666}, {0: 1.0, 1: 0.0}]}"
2,0.9,0.11,1,tree,lasso,241.93303547166212,0.4708,0.4571275222146358,"{'branching': ['V2.1'], 'leaves': [{0: 1.0, 1: 0.0}, {0: 0.0, 1: 1.0}]}"
2,0.9,0.11,1,log,linear,179.66633804523582,0.5217,0.4633541919572795,"{'branching': ['V1.9'], 'leaves': [{0: 0.08333333333333333, 1: 0.9166666666666666}, {0: 1.0, 1: 0.0}]}"
2,0.9,0.11,1,log,lasso,241.93303547166212,0.4708,0.4571275222146358,"{'branching': ['V2.1'], 'leaves': [{0: 1.0, 1: 0.0}, {0: 0.0, 1: 1.0}]}"
2,0.9,0.12,1,tree,linear,171.07608036179798,0.53,0.4642132177256226,"{'branching': ['V1.9'], 'leaves': [{0: 0.0, 1: 1.0}, {0: 1.0, 1: 0.0}]}"
2,0.9,0.12,1,tree,lasso,241.93303547166212,0.4708,0.4571275222146358,"{'branching': ['V2.1'], 'leaves': [{0: 1.0, 1: 0.0}, {0: 0.0, 1: 1.0}]}"
2,0.9,0.12,1,log,linear,171.07608036179798,0.53,0.4642132177256226,"{'branching': ['V1.9'], 'leaves': [{0: 0.0, 1: 1.0}, {0: 1.0, 1: 0.0}]}"
2,0.9,0.12,1,log,lasso,241.93303547166212,0.4708,0.4571275222146358,"{'branching': ['V2.1'], 'leaves': [{0: 1.0, 1: 0.0}, {0: 0.0, 1: 1.0}]}"
2,0.9,0.13,1,tree,linear,171.1211567332526,0.5274,0.4642087100884779,"{'branching': ['V1.9'], 'leaves': [{0: 0.0, 1: 1.0}, {0: 0.9886363636363636, 1: 0.011363636363636376}]}"
2,0.9,0.13,1,tree,lasso,241.93303547166212,0.4708,0.4571275222146358,"{'branching': ['V2.1'], 'leaves': [{0: 1.0, 1: 0.0}, {0: 0.0, 1: 1.0}]}"
2,0.9,0.13,1,log,linear,171.1211567332527,0.5306,0.4642087100884779,"{'branching': ['V1.9'], 'leaves': [{0: 0.0, 1: 1.0}, {0: 0.9886363636363636, 1: 0.011363636363636354}]}"
2,0.9,0.13,1,log,lasso,241.93303547166212,0.4708,0.4571275222146358,"{'branching': ['V2.1'], 'leaves': [{0: 1.0, 1: 0.0}, {0: 0.0, 1: 1.0}]}"
2,0.9,0.14,1,tree,linear,171.16623310470737,0.5327,0.4642042024513318,"{'branching': ['V1.9'], 'leaves': [{0: 0.0, 1: 1.0}, {0: 0.9772727272727272, 1: 0.022727272727272818}]}"
2,0.9,0.14,1,tree,lasso,241.93303547166212,0.4708,0.4571275222146358,"{'branching': ['V2.1'], 'leaves': [{0: 1.0, 1: 0.0}, {0: 0.0, 1: 1.0}]}"
2,0.9,0.14,1,log,linear,171.16623310470743,0.5286,0.4642042024513319,"{'branching': ['V1.9'], 'leaves': [{0: 0.0, 1: 1.0}, {0: 0.9772727272727273, 1: 0.022727272727272707}]}"
2,0.9,0.14,1,log,lasso,241.93303547166212,0.4708,0.4571275222146358,"{'branching': ['V2.1'], 'leaves': [{0: 1.0, 1: 0.0}, {0: 0.0, 1: 1.0}]}"
2,0.9,0.15,1,tree,linear,171.21130947616214,0.5328,0.4641996948141855,"{'branching': ['V1.9'], 'leaves': [{0: 0.0, 1: 1.0}, {0: 0.9659090909090906, 1: 0.034090909090909394}]}"
2,0.9,0.15,1,tree,lasso,241.93303547166212,0.4708,0.4571275222146358,"{'branching': ['V2.1'], 'leaves': [{0: 1.0, 1: 0.0}, {0: 0.0, 1: 1.0}]}"
2,0.9,0.15,1,log,linear,171.21130947616143,0.5362,0.4641996948141855,"{'branching': ['V1.9'], 'leaves': [{0: 0.0, 1: 1.0}, {0: 0.965909090909091, 1: 0.03409090909090913}]}"
2,0.9,0.15,1,log,lasso,241.93303547166212,0.4708,0.4571275222146358,"{'branching': ['V2.1'], 'leaves': [{0: 1.0, 1: 0.0}, {0: 0.0, 1: 1.0}]}"
2,0.9,0.16,1,tree,linear,153.84584901979818,0.5738,0.4659362408598222,"{'branching': ['V1.8'], 'leaves': [{0: 0.2727272727272727, 1: 0.7272727272727273}, {0: 1.0, 1: 0.0}]}"
2,0.9,0.16,1,tree,lasso,241.93303547166212,0.4708,0.4571275222146358,"{'branching': ['V2.1'], 'leaves': [{0: 1.0, 1: 0.0}, {0: 0.0, 1: 1.0}]}"
2,0.9,0.16,1,log,linear,171.25638584761683,0.5279,0.4641951871770416,"{'branching': ['V1.9'], 'leaves': [{0: 0.0, 1: 1.0}, {0: 0.9545454545454545, 1: 0.045454545454545525}]}"
2,0.9,0.16,1,log,lasso,241.93303547166212,0.4708,0.4571275222146358,"{'branching': ['V2.1'], 'leaves': [{0: 1.0, 1: 0.0}, {0: 0.0, 1: 1.0}]}"
2,0.9,0.17,1,tree,linear,146.3262662983449,0.581,0.4666881991319688,"{'branching': ['V1.8'], 'leaves': [{0: 0.22727272727272727, 1: 0.7727272727272727}, {0: 1.0, 1: 0.0}]}"
2,0.9,0.17,1,tree,lasso,241.93303547166212,0.4708,0.4571275222146358,"{'branching': ['V2.1'], 'leaves': [{0: 1.0, 1: 0.0}, {0: 0.0, 1: 1.0}]}"
2,0.9,0.17,1,log,linear,171.30146221907145,0.5341,0.4641906795398966,"{'branching': ['V1.9'], 'leaves': [{0: 0.0, 1: 1.0}, {0: 0.9431818181818182, 1: 0.0568181818181818}]}"
2,0.9,0.17,1,log,lasso,241.93303547166212,0.4708,0.4571275222146358,"{'branching': ['V2.1'], 'leaves': [{0: 1.0, 1: 0.0}, {0: 0.0, 1: 1.0}]}"
2,0.9,0.18,1,tree,linear,138.8066835768916,0.5933,0.4674401574041137,"{'branching': ['V1.8'], 'leaves': [{0: 0.18181818181818182, 1: 0.8181818181818181}, {0: 1.0, 1: 0.0}]}"
2,0.9,0.18,1,tree,lasso,241.93303547166212,0.4708,0.4571275222146358,"{'branching': ['V2.1'], 'leaves': [{0: 1.0, 1: 0.0}, {0: 0.0, 1: 1.0}]}"
2,0.9,0.18,1,log,linear,138.8066835768915,0.592,0.467440157404114,"{'branching': ['V1.8'], 'leaves': [{0: 0.1818181818181818, 1: 0.8181818181818182}, {0: 1.0, 1: 0.0}]}"
2,0.9,0.18,1,log,lasso,241.93303547166212,0.4708,0.4571275222146358,"{'branching': ['V2.1'], 'leaves': [{0: 1.0, 1: 0.0}, {0: 0.0, 1: 1.0}]}"
2,0.9,0.19,1,tree,linear,131.28710085543872,0.6025,0.468192115676259,"{'branching': ['V1.8'], 'leaves': [{0: 0.1363636363636393, 1: 0.8636363636363606}, {0: 1.0, 1: 0.0}]}"
2,0.9,0.19,1,tree,lasso,241.93303547166212,0.4708,0.4571275222146358,"{'branching': ['V2.1'], 'leaves': [{0: 1.0, 1: 0.0}, {0: 0.0, 1: 1.0}]}"
2,0.9,0.19,1,log,linear,131.28710085543815,0.6015,0.4681921156762592,"{'branching': ['V1.8'], 'leaves': [{0: 0.13636363636363635, 1: 0.8636363636363636}, {0: 1.0, 1: 0.0}]}"
2,0.9,0.19,1,log,lasso,241.93303547166212,0.4708,0.4571275222146358,"{'branching': ['V2.1'], 'leaves': [{0: 1.0, 1: 0.0}, {0: 0.0, 1: 1.0}]}"
2,0.9,0.2,1,tree,linear,123.76751813398482,0.6113,0.4689440739484039,"{'branching': ['V1.8'], 'leaves': [{0: 0.09090909090909094, 1: 0.9090909090909091}, {0: 1.0, 1: 0.0}]}"
2,0.9,0.2,1,tree,lasso,241.93303547166212,0.4708,0.4571275222146358,"{'branching': ['V2.1'], 'leaves': [{0: 1.0, 1: 0.0}, {0: 0.0, 1: 1.0}]}"
2,0.9,0.2,1,log,linear,123.76751813398484,0.6128,0.4689440739484039,"{'branching': ['V1.8'], 'leaves': [{0: 0.09090909090909093, 1: 0.9090909090909091}, {0: 1.0, 1: 0.0}]}"
2,0.9,0.2,1,log,lasso,241.93303547166212,0.4708,0.4571275222146358,"{'branching': ['V2.1'], 'leaves': [{0: 1.0, 1: 0.0}, {0: 0.0, 1: 1.0}]}"
2,0.9,0.21,1,tree,linear,116.24793541253158,0.6203,0.4696960322205492,"{'branching': ['V1.8'], 'leaves': [{0: 0.04545454545454635, 1: 0.9545454545454537}, {0: 1.0, 1: 0.0}]}"
2,0.9,0.21,1,tree,lasso,241.93303547166212,0.4708,0.4571275222146358,"{'branching': ['V2.1'], 'leaves': [{0: 1.0, 1: 0.0}, {0: 0.0, 1: 1.0}]}"
2,0.9,0.21,1,log,linear,116.24793541253148,0.6219,0.4696960322205492,"{'branching': ['V1.8'], 'leaves': [{0: 0.045454545454545525, 1: 0.9545454545454545}, {0: 1.0, 1: 0.0}]}"
2,0.9,0.21,1,log,lasso,241.93303547166212,0.4708,0.4571275222146358,"{'branching': ['V2.1'], 'leaves': [{0: 1.0, 1: 0.0}, {0: 0.0, 1: 1.0}]}"
2,0.9,0.22,1,tree,linear,108.72835269107811,0.6312,0.470447990492695,"{'branching': ['V1.8'], 'leaves': [{0: 0.0, 1: 1.0}, {0: 1.0, 1: 0.0}]}"
2,0.9,0.22,1,tree,lasso,241.93303547166212,0.4708,0.4571275222146358,"{'branching': ['V2.1'], 'leaves': [{0: 1.0, 1: 0.0}, {0: 0.0, 1: 1.0}]}"
2,0.9,0.22,1,log,linear,108.72835269107811,0.6312,0.470447990492695,"{'branching': ['V1.8'], 'leaves': [{0: 0.0, 1: 1.0}, {0: 1.0, 1: 0.0}]}"
2,0.9,0.22,1,log,lasso,241.93303547166212,0.4708,0.4571275222146358,"{'branching': ['V2.1'], 'leaves': [{0: 1.0, 1: 0.0}, {0: 0.0, 1: 1.0}]}"
2,0.9,0.23,1,tree,linear,108.72835269107811,0.6312,0.470447990492695,"{'branching': ['V1.8'], 'leaves': [{0: 0.0, 1: 1.0}, {0: 1.0, 1: 0.0}]}"
2,0.9,0.23,1,tree,lasso,241.93303547166212,0.4708,0.4571275222146358,"{'branching': ['V2.1'], 'leaves': [{0: 1.0, 1: 0.0}, {0: 0.0, 1: 1.0}]}"
2,0.9,0.23,1,log,linear,108.72835269107811,0.6312,0.470447990492695,"{'branching': ['V1.8'], 'leaves': [{0: 0.0, 1: 1.0}, {0: 1.0, 1: 0.0}]}"
2,0.9,0.23,1,log,lasso,241.93303547166212,0.4708,0.4571275222146358,"{'branching': ['V2.1'], 'leaves': [{0: 1.0, 1: 0.0}, {0: 0.0, 1: 1.0}]}"
2,0.9,0.24,1,tree,linear,108.72835269107811,0.6312,0.470447990492695,"{'branching': ['V1.8'], 'leaves': [{0: 0.0, 1: 1.0}, {0: 1.0, 1: 0.0}]}"
2,0.9,0.24,1,tree,lasso,241.93303547166212,0.4708,0.4571275222146358,"{'branching': ['V2.1'], 'leaves': [{0: 1.0, 1: 0.0}, {0: 0.0, 1: 1.0}]}"
2,0.9,0.24,1,log,linear,108.72835269107811,0.6312,0.470447990492695,"{'branching': ['V1.8'], 'leaves': [{0: 0.0, 1: 1.0}, {0: 1.0, 1: 0.0}]}"
2,0.9,0.24,1,log,lasso,241.93303547166212,0.4708,0.4571275222146358,"{'branching': ['V2.1'], 'leaves': [{0: 1.0, 1: 0.0}, {0: 0.0, 1: 1.0}]}"
2,0.9,0.25,1,tree,linear,108.72835269107811,0.6312,0.470447990492695,"{'branching': ['V1.8'], 'leaves': [{0: 0.0, 1: 1.0}, {0: 1.0, 1: 0.0}]}"
2,0.9,0.25,1,tree,lasso,241.93303547166212,0.4708,0.4571275222146358,"{'branching': ['V2.1'], 'leaves': [{0: 1.0, 1: 0.0}, {0: 0.0, 1: 1.0}]}"
2,0.9,0.25,1,log,linear,108.72835269107811,0.6312,0.470447990492695,"{'branching': ['V1.8'], 'leaves': [{0: 0.0, 1: 1.0}, {0: 1.0, 1: 0.0}]}"
2,0.9,0.25,1,log,lasso,241.93303547166212,0.4708,0.4571275222146358,"{'branching': ['V2.1'], 'leaves': [{0: 1.0, 1: 0.0}, {0: 0.0, 1: 1.0}]}"
2,0.9,0.26,1,tree,linear,94.20052004040484,0.6865,0.471900773757763,"{'branching': ['V1.7'], 'leaves': [{0: 0.14473684210526316, 1: 0.8552631578947368}, {0: 1.0, 1: 0.0}]}"
2,0.9,0.26,1,tree,lasso,241.93303547166212,0.4708,0.4571275222146358,"{'branching': ['V2.1'], 'leaves': [{0: 1.0, 1: 0.0}, {0: 0.0, 1: 1.0}]}"
2,0.9,0.26,1,log,linear,108.72835269107811,0.6312,0.470447990492695,"{'branching': ['V1.8'], 'leaves': [{0: 0.0, 1: 1.0}, {0: 1.0, 1: 0.0}]}"
2,0.9,0.26,1,log,lasso,241.93303547166212,0.4708,0.4571275222146358,"{'branching': ['V2.1'], 'leaves': [{0: 1.0, 1: 0.0}, {0: 0.0, 1: 1.0}]}"
2,0.9,0.27,1,tree,linear,87.27903340491835,0.6962,0.4725929224213107,"{'branching': ['V1.7'], 'leaves': [{0: 0.1118421052631579, 1: 0.8881578947368421}, {0: 1.0, 1: 0.0}]}"
2,0.9,0.27,1,tree,lasso,241.93303547166212,0.4708,0.4571275222146358,"{'branching': ['V2.1'], 'leaves': [{0: 1.0, 1: 0.0}, {0: 0.0, 1: 1.0}]}"
2,0.9,0.27,1,log,linear,87.27903340491835,0.6955,0.4725929224213107,"{'branching': ['V1.7'], 'leaves': [{0: 0.1118421052631579, 1: 0.8881578947368421}, {0: 1.0, 1: 0.0}]}"
2,0.9,0.27,1,log,lasso,241.93303547166212,0.4708,0.4571275222146358,"{'branching': ['V2.1'], 'leaves': [{0: 1.0, 1: 0.0}, {0: 0.0, 1: 1.0}]}"
2,0.9,0.28,1,tree,linear,80.35754676943205,0.7063,0.4732850710848598,"{'branching': ['V1.7'], 'leaves': [{0: 0.07894736842105263, 1: 0.9210526315789473}, {0: 1.0, 1: 0.0}]}"
2,0.9,0.28,1,tree,lasso,241.93303547166212,0.4708,0.4571275222146358,"{'branching': ['V2.1'], 'leaves': [{0: 1.0, 1: 0.0}, {0: 0.0, 1: 1.0}]}"
2,0.9,0.28,1,log,linear,80.35754676943205,0.7071,0.4732850710848598,"{'branching': ['V1.7'], 'leaves': [{0: 0.07894736842105263, 1: 0.9210526315789473}, {0: 1.0, 1: 0.0}]}"
2,0.9,0.28,1,log,lasso,241.93303547166212,0.4708,0.4571275222146358,"{'branching': ['V2.1'], 'leaves': [{0: 1.0, 1: 0.0}, {0: 0.0, 1: 1.0}]}"
2,0.9,0.29,1,tree,linear,73.43606013394555,0.7169,0.4739772197484072,"{'branching': ['V1.7'], 'leaves': [{0: 0.046052631578947366, 1: 0.9539473684210527}, {0: 1.0, 1: 0.0}]}"
2,0.9,0.29,1,tree,lasso,73.43606013394559,0.7171,0.4739772197484072,"{'branching': ['V1.7'], 'leaves': [{0: 0.046052631578947345, 1: 0.9539473684210527}, {0: 1.0, 1: 0.0}]}"
2,0.9,0.29,1,log,linear,73.43606013394555,0.716,0.4739772197484072,"{'branching': ['V1.7'], 'leaves': [{0: 0.046052631578947366, 1: 0.9539473684210527}, {0: 1.0, 1: 0.0}]}"
2,0.9,0.29,1,log,lasso,241.93303547166212,0.4708,0.4571275222146358,"{'branching': ['V2.1'], 'leaves': [{0: 1.0, 1: 0.0}, {0: 0.0, 1: 1.0}]}"
2,0.9,0.3,1,tree,linear,66.51457349845924,0.7266,0.4746693684119577,"{'branching': ['V1.7'], 'leaves': [{0: 0.013157894736842105, 1: 0.9868421052631579}, {0: 1.0, 1: 0.0}]}"
2,0.9,0.3,1,tree,lasso,66.51457349845924,0.7272,0.4746693684119577,"{'branching': ['V1.7'], 'leaves': [{0: 0.013157894736842105, 1: 0.9868421052631579}, {0: 1.0, 1: 0.0}]}"
2,0.9,0.3,1,log,linear,66.51457349845926,0.7245,0.4746693684119577,"{'branching': ['V1.7'], 'leaves': [{0: 0.013157894736842096, 1: 0.9868421052631579}, {0: 1.0, 1: 0.0}]}"
2,0.9,0.3,1,log,lasso,241.93303547166212,0.4708,0.4571275222146358,"{'branching': ['V2.1'], 'leaves': [{0: 1.0, 1: 0.0}, {0: 0.0, 1: 1.0}]}"
2,0.9,0.31,1,tree,linear,63.745978844264606,0.7306,0.4749462278773764,"{'branching': ['V1.7'], 'leaves': [{0: 0.0, 1: 1.0}, {0: 1.0, 1: 0.0}]}"
2,0.9,0.31,1,tree,lasso,63.745978844264606,0.7306,0.4749462278773764,"{'branching': ['V1.7'], 'leaves': [{0: 0.0, 1: 1.0}, {0: 1.0, 1: 0.0}]}"
2,0.9,0.31,1,log,linear,63.745978844264606,0.7306,0.4749462278773764,"{'branching': ['V1.7'], 'leaves': [{0: 0.0, 1: 1.0}, {0: 1.0, 1: 0.0}]}"
2,0.9,0.31,1,log,lasso,241.93303547166212,0.4708,0.4571275222146358,"{'branching': ['V2.1'], 'leaves': [{0: 1.0, 1: 0.0}, {0: 0.0, 1: 1.0}]}"
2,0.9,0.32,1,tree,linear,63.745978844264606,0.7306,0.4749462278773764,"{'branching': ['V1.7'], 'leaves': [{0: 0.0, 1: 1.0}, {0: 1.0, 1: 0.0}]}"
2,0.9,0.32,1,tree,lasso,63.745978844264606,0.7306,0.4749462278773764,"{'branching': ['V1.7'], 'leaves': [{0: 0.0, 1: 1.0}, {0: 1.0, 1: 0.0}]}"
2,0.9,0.32,1,log,linear,63.745978844264606,0.7306,0.4749462278773764,"{'branching': ['V1.7'], 'leaves': [{0: 0.0, 1: 1.0}, {0: 1.0, 1: 0.0}]}"
2,0.9,0.32,1,log,lasso,241.93303547166184,0.4708,0.4571275222146359,"{'branching': ['V2.1'], 'leaves': [{0: 0.9999999999999956, 1: 4.440892098500626e-15}, {0: 0.0, 1: 1.0}]}"
2,0.9,0.33,1,tree,linear,63.745978844264606,0.7306,0.4749462278773764,"{'branching': ['V1.7'], 'leaves': [{0: 0.0, 1: 1.0}, {0: 1.0, 1: 0.0}]}"
2,0.9,0.33,1,tree,lasso,63.745978844264606,0.7306,0.4749462278773764,"{'branching': ['V1.7'], 'leaves': [{0: 0.0, 1: 1.0}, {0: 1.0, 1: 0.0}]}"
2,0.9,0.33,1,log,linear,63.745978844264606,0.7306,0.4749462278773764,"{'branching': ['V1.7'], 'leaves': [{0: 0.0, 1: 1.0}, {0: 1.0, 1: 0.0}]}"
2,0.9,0.33,1,log,lasso,241.93303547166212,0.4708,0.4571275222146358,"{'branching': ['V2.1'], 'leaves': [{0: 1.0, 1: 0.0}, {0: 0.0, 1: 1.0}]}"
2,0.9,0.34,1,tree,linear,63.745978844264606,0.7306,0.4749462278773764,"{'branching': ['V1.7'], 'leaves': [{0: 0.0, 1: 1.0}, {0: 1.0, 1: 0.0}]}"
2,0.9,0.34,1,tree,lasso,63.745978844264606,0.7306,0.4749462278773764,"{'branching': ['V1.7'], 'leaves': [{0: 0.0, 1: 1.0}, {0: 1.0, 1: 0.0}]}"
2,0.9,0.34,1,log,linear,63.745978844264606,0.7306,0.4749462278773764,"{'branching': ['V1.7'], 'leaves': [{0: 0.0, 1: 1.0}, {0: 1.0, 1: 0.0}]}"
2,0.9,0.34,1,log,lasso,241.93303547166212,0.4708,0.4571275222146358,"{'branching': ['V2.1'], 'leaves': [{0: 1.0, 1: 0.0}, {0: 0.0, 1: 1.0}]}"
2,0.9,0.35,1,tree,linear,63.745978844264606,0.7306,0.4749462278773764,"{'branching': ['V1.7'], 'leaves': [{0: 0.0, 1: 1.0}, {0: 1.0, 1: 0.0}]}"
2,0.9,0.35,1,tree,lasso,63.745978844264606,0.7306,0.4749462278773764,"{'branching': ['V1.7'], 'leaves': [{0: 0.0, 1: 1.0}, {0: 1.0, 1: 0.0}]}"
2,0.9,0.35,1,log,linear,63.745978844264606,0.7306,0.4749462278773764,"{'branching': ['V1.7'], 'leaves': [{0: 0.0, 1: 1.0}, {0: 1.0, 1: 0.0}]}"
2,0.9,0.35,1,log,lasso,241.93303547166212,0.4708,0.4571275222146358,"{'branching': ['V2.1'], 'leaves': [{0: 1.0, 1: 0.0}, {0: 0.0, 1: 1.0}]}"
2,0.9,0.36,1,tree,linear,61.598832985864064,0.7728,0.4751609424632156,"{'branching': ['V1.6'], 'leaves': [{0: 0.11764705882352941, 1: 0.8823529411764706}, {0: 1.0, 1: 0.0}]}"
2,0.9,0.36,1,tree,lasso,61.59883298586396,0.7696,0.4751609424632156,"{'branching': ['V1.6'], 'leaves': [{0: 0.11764705882352947, 1: 0.8823529411764706}, {0: 1.0, 1: 0.0}]}"
2,0.9,0.36,1,log,linear,63.745978844264606,0.7306,0.4749462278773764,"{'branching': ['V1.7'], 'leaves': [{0: 0.0, 1: 1.0}, {0: 1.0, 1: 0.0}]}"
2,0.9,0.36,1,log,lasso,241.93303547166212,0.4708,0.4571275222146358,"{'branching': ['V2.1'], 'leaves': [{0: 1.0, 1: 0.0}, {0: 0.0, 1: 1.0}]}"
2,0.9,0.37,1,tree,linear,55.69437910871989,0.7843,0.4757513878509297,"{'branching': ['V1.6'], 'leaves': [{0: 0.09313725490196079, 1: 0.9068627450980392}, {0: 1.0, 1: 0.0}]}"
2,0.9,0.37,1,tree,lasso,55.69437910871995,0.7843,0.4757513878509297,"{'branching': ['V1.6'], 'leaves': [{0: 0.09313725490196076, 1: 0.9068627450980392}, {0: 1.0, 1: 0.0}]}"
2,0.9,0.37,1,log,linear,55.69437910871989,0.7854,0.4757513878509297,"{'branching': ['V1.6'], 'leaves': [{0: 0.09313725490196079, 1: 0.9068627450980392}, {0: 1.0, 1: 0.0}]}"
2,0.9,0.37,1,log,lasso,241.93303547166212,0.4708,0.4571275222146358,"{'branching': ['V2.1'], 'leaves': [{0: 1.0, 1: 0.0}, {0: 0.0, 1: 1.0}]}"
2,0.9,0.38,1,tree,linear,49.78992523157574,0.7922,0.4763418332386444,"{'branching': ['V1.6'], 'leaves': [{0: 0.06862745098039216, 1: 0.9313725490196079}, {0: 1.0, 1: 0.0}]}"
2,0.9,0.38,1,tree,lasso,49.789925231574856,0.7879,0.4763418332386444,"{'branching': ['V1.6'], 'leaves': [{0: 0.06862745098039236, 1: 0.9313725490196081}, {0: 1.0, 1: 0.0}]}"
2,0.9,0.38,1,log,linear,49.78992523157588,0.7921,0.4763418332386444,"{'branching': ['V1.6'], 'leaves': [{0: 0.0686274509803921, 1: 0.9313725490196079}, {0: 1.0, 1: 0.0}]}"
2,0.9,0.38,1,log,lasso,241.93303547166212,0.4708,0.4571275222146358,"{'branching': ['V2.1'], 'leaves': [{0: 1.0, 1: 0.0}, {0: 0.0, 1: 1.0}]}"
2,0.9,0.39,1,tree,linear,43.88547135443159,0.8019,0.4769322786263574,"{'branching': ['V1.6'], 'leaves': [{0: 0.04411764705882353, 1: 0.9558823529411765}, {0: 1.0, 1: 0.0}]}"
2,0.9,0.39,1,tree,lasso,43.88547135443168,0.8014,0.4769322786263574,"{'branching': ['V1.6'], 'leaves': [{0: 0.044117647058823484, 1: 0.9558823529411765}, {0: 1.0, 1: 0.0}]}"
2,0.9,0.39,1,log,linear,43.88547135443159,0.8026,0.4769322786263574,"{'branching': ['V1.6'], 'leaves': [{0: 0.04411764705882353, 1: 0.9558823529411765}, {0: 1.0, 1: 0.0}]}"
2,0.9,0.39,1,log,lasso,241.93303547166212,0.4708,0.4571275222146358,"{'branching': ['V2.1'], 'leaves': [{0: 1.0, 1: 0.0}, {0: 0.0, 1: 1.0}]}"
2,0.9,0.4,1,tree,linear,37.98101747728761,0.8127,0.4775227240140737,"{'branching': ['V1.6'], 'leaves': [{0: 0.019607843137254943, 1: 0.9803921568627451}, {0: 1.0, 1: 0.0}]}"
2,0.9,0.4,1,tree,lasso,37.981017477287686,0.8116,0.4775227240140737,"{'branching': ['V1.6'], 'leaves': [{0: 0.0196078431372549, 1: 0.9803921568627451}, {0: 1.0, 1: 0.0}]}"
2,0.9,0.4,1,log,linear,37.9810174772876,0.8107,0.4775227240140737,"{'branching': ['V1.6'], 'leaves': [{0: 0.019607843137254954, 1: 0.9803921568627451}, {0: 1.0, 1: 0.0}]}"
2,0.9,0.4,1,log,lasso,241.93303547166212,0.4708,0.4571275222146358,"{'branching': ['V2.1'], 'leaves': [{0: 1.0, 1: 0.0}, {0: 0.0, 1: 1.0}]}"
3,0.9,0.05,1,tree,linear,186.02830024913612,0.5461,0.5046474734392269,"{'branching': ['V1.9'], 'leaves': [{0: 0.5283018867924528, 1: 0.4716981132075471}, {0: 1.0, 1: 0.0}]}"
3,0.9,0.05,1,tree,lasso,186.02830024913607,0.549,0.5046474734392269,"{'branching': ['V1.9'], 'leaves': [{0: 0.5283018867924528, 1: 0.4716981132075472}, {0: 1.0, 1: 0.0}]}"
3,0.9,0.05,1,log,linear,186.02830024913607,0.5477,0.5046474734392269,"{'branching': ['V1.9'], 'leaves': [{0: 0.5283018867924528, 1: 0.4716981132075472}, {0: 1.0, 1: 0.0}]}"
3,0.9,0.05,1,log,lasso,222.401121356594,0.5037,0.5010101913284815,"{'branching': ['V1.3'], 'leaves': [{0: 1.0, 1: 0.0}, {0: 1.0, 1: 0.0}]}"
3,0.9,0.06,1,tree,linear,178.7537360276446,0.5581,0.5053749298613767,"{'branching': ['V1.9'], 'leaves': [{0: 0.43396226415094336, 1: 0.5660377358490566}, {0: 1.0, 1: 0.0}]}"
3,0.9,0.06,1,tree,lasso,178.75373602764452,0.5558,0.5053749298613767,"{'branching': ['V1.9'], 'leaves': [{0: 0.4339622641509434, 1: 0.5660377358490566}, {0: 1.0, 1: 0.0}]}"
3,0.9,0.06,1,log,linear,178.75373602764452,0.5573,0.5053749298613767,"{'branching': ['V1.9'], 'leaves': [{0: 0.4339622641509434, 1: 0.5660377358490566}, {0: 1.0, 1: 0.0}]}"
3,0.9,0.06,1,log,lasso,222.401121356594,0.5037,0.5010101913284815,"{'branching': ['V1.1'], 'leaves': [{0: 1.0, 1: 0.0}, {0: 1.0, 1: 0.0}]}"
3,0.9,0.07,1,tree,linear,171.47917180615298,0.5662,0.5061023862835254,"{'branching': ['V1.9'], 'leaves': [{0: 0.339622641509434, 1: 0.660377358490566}, {0: 1.0, 1: 0.0}]}"
3,0.9,0.07,1,tree,lasso,171.47917180615298,0.563,0.5061023862835254,"{'branching': ['V1.9'], 'leaves': [{0: 0.33962264150943394, 1: 0.6603773584905661}, {0: 1.0, 1: 0.0}]}"
3,0.9,0.07,1,log,linear,171.47917180615298,0.5663,0.5061023862835254,"{'branching': ['V1.9'], 'leaves': [{0: 0.33962264150943394, 1: 0.6603773584905661}, {0: 1.0, 1: 0.0}]}"
3,0.9,0.07,1,log,lasso,222.401121356594,0.5037,0.5010101913284815,"{'branching': ['V1.3'], 'leaves': [{0: 1.0, 1: 0.0}, {0: 1.0, 1: 0.0}]}"
3,0.9,0.08,1,tree,linear,164.2046075846614,0.5765,0.5068298427056744,"{'branching': ['V1.9'], 'leaves': [{0: 0.24528301886792453, 1: 0.7547169811320755}, {0: 1.0, 1: 0.0}]}"
3,0.9,0.08,1,tree,lasso,164.20460758466143,0.5718,0.5068298427056744,"{'branching': ['V1.9'], 'leaves': [{0: 0.24528301886792458, 1: 0.7547169811320754}, {0: 1.0, 1: 0.0}]}"
3,0.9,0.08,1,log,linear,164.2046075846614,0.576,0.5068298427056744,"{'branching': ['V1.9'], 'leaves': [{0: 0.24528301886792453, 1: 0.7547169811320755}, {0: 1.0, 1: 0.0}]}"
3,0.9,0.08,1,log,lasso,222.401121356594,0.5037,0.5010101913284815,"{'branching': ['V1.1'], 'leaves': [{0: 1.0, 1: 0.0}, {0: 1.0, 1: 0.0}]}"
3,0.9,0.09,1,tree,linear,156.93004336316991,0.5868,0.5075572991278244,"{'branching': ['V1.9'], 'leaves': [{0: 0.150943396226415, 1: 0.8490566037735849}, {0: 1.0, 1: 0.0}]}"
3,0.9,0.09,1,tree,lasso,156.93004336316986,0.5849,0.5075572991278244,"{'branching': ['V1.9'], 'leaves': [{0: 0.1509433962264151, 1: 0.8490566037735849}, {0: 1.0, 1: 0.0}]}"
3,0.9,0.09,1,log,linear,156.93004336316986,0.5849,0.5075572991278244,"{'branching': ['V1.9'], 'leaves': [{0: 0.1509433962264151, 1: 0.8490566037735849}, {0: 1.0, 1: 0.0}]}"
3,0.9,0.09,1,log,lasso,222.401121356594,0.5037,0.5010101913284815,"{'branching': ['V1.3'], 'leaves': [{0: 1.0, 1: 0.0}, {0: 1.0, 1: 0.0}]}"
3,0.9,0.1,1,tree,linear,149.6554791416783,0.5942,0.5082847555499725,"{'branching': ['V1.9'], 'leaves': [{0: 0.05660377358490565, 1: 0.9433962264150944}, {0: 1.0, 1: 0.0}]}"
3,0.9,0.1,1,tree,lasso,149.6554791416783,0.5943,0.5082847555499725,"{'branching': ['V1.9'], 'leaves': [{0: 0.05660377358490565, 1: 0.9433962264150944}, {0: 1.0, 1: 0.0}]}"
3,0.9,0.1,1,log,linear,149.6554791416783,0.5924,0.5082847555499725,"{'branching': ['V1.9'], 'leaves': [{0: 0.056603773584905634, 1: 0.9433962264150944}, {0: 1.0, 1: 0.0}]}"
3,0.9,0.1,1,log,lasso,222.401121356594,0.5037,0.5010101913284815,"{'branching': ['V1.3'], 'leaves': [{0: 1.0, 1: 0.0}, {0: 1.0, 1: 0.0}]}"
3,0.9,0.11,1,tree,linear,145.29074060878338,0.5992,0.5087212294032627,"{'branching': ['V1.9'], 'leaves': [{0: 0.0, 1: 1.0}, {0: 1.0, 1: 0.0}]}"
3,0.9,0.11,1,tree,lasso,145.29074060878338,0.5992,0.5087212294032627,"{'branching': ['V1.9'], 'leaves': [{0: 0.0, 1: 1.0}, {0: 1.0, 1: 0.0}]}"
3,0.9,0.11,1,log,linear,145.29074060878338,0.5992,0.5087212294032627,"{'branching': ['V1.9'], 'leaves': [{0: 0.0, 1: 1.0}, {0: 1.0, 1: 0.0}]}"
3,0.9,0.11,1,log,lasso,222.401121356594,0.5037,0.5010101913284815,"{'branching': ['V1.1'], 'leaves': [{0: 1.0, 1: 0.0}, {0: 1.0, 1: 0.0}]}"
3,0.9,0.12,1,tree,linear,145.29074060878338,0.5992,0.5087212294032627,"{'branching': ['V1.9'], 'leaves': [{0: 0.0, 1: 1.0}, {0: 1.0, 1: 0.0}]}"
3,0.9,0.12,1,tree,lasso,145.29074060878338,0.5992,0.5087212294032627,"{'branching': ['V1.9'], 'leaves': [{0: 0.0, 1: 1.0}, {0: 1.0, 1: 0.0}]}"
3,0.9,0.12,1,log,linear,145.29074060878338,0.5992,0.5087212294032627,"{'branching': ['V1.9'], 'leaves': [{0: 0.0, 1: 1.0}, {0: 1.0, 1: 0.0}]}"
3,0.9,0.12,1,log,lasso,222.401121356594,0.5037,0.5010101913284815,"{'branching': ['V1.3'], 'leaves': [{0: 1.0, 1: 0.0}, {0: 1.0, 1: 0.0}]}"
3,0.9,0.13,1,tree,linear,145.29074060878338,0.5992,0.5087212294032627,"{'branching': ['V1.9'], 'leaves': [{0: 0.0, 1: 1.0}, {0: 1.0, 1: 0.0}]}"
3,0.9,0.13,1,tree,lasso,145.29074060878338,0.5992,0.5087212294032627,"{'branching': ['V1.9'], 'leaves': [{0: 0.0, 1: 1.0}, {0: 1.0, 1: 0.0}]}"
3,0.9,0.13,1,log,linear,145.29074060878338,0.5992,0.5087212294032627,"{'branching': ['V1.9'], 'leaves': [{0: 0.0, 1: 1.0}, {0: 1.0, 1: 0.0}]}"
3,0.9,0.13,1,log,lasso,222.401121356594,0.5037,0.5010101913284815,"{'branching': ['V1.1'], 'leaves': [{0: 1.0, 1: 0.0}, {0: 1.0, 1: 0.0}]}"
3,0.9,0.14,1,tree,linear,145.29074060878338,0.5992,0.5087212294032627,"{'branching': ['V1.9'], 'leaves': [{0: 0.0, 1: 1.0}, {0: 1.0, 1: 0.0}]}"
3,0.9,0.14,1,tree,lasso,145.29074060878338,0.5992,0.5087212294032627,"{'branching': ['V1.9'], 'leaves': [{0: 0.0, 1: 1.0}, {0: 1.0, 1: 0.0}]}"
3,0.9,0.14,1,log,linear,145.29074060878338,0.5992,0.5087212294032627,"{'branching': ['V1.9'], 'leaves': [{0: 0.0, 1: 1.0}, {0: 1.0, 1: 0.0}]}"
3,0.9,0.14,1,log,lasso,222.401121356594,0.5037,0.5010101913284815,"{'branching': ['V1.1'], 'leaves': [{0: 1.0, 1: 0.0}, {0: 1.0, 1: 0.0}]}"
3,0.9,0.15,1,tree,linear,145.29074060878338,0.5992,0.5087212294032627,"{'branching': ['V1.9'], 'leaves': [{0: 0.0, 1: 1.0}, {0: 1.0, 1: 0.0}]}"
3,0.9,0.15,1,tree,lasso,145.29074060878338,0.5992,0.5087212294032627,"{'branching': ['V1.9'], 'leaves': [{0: 0.0, 1: 1.0}, {0: 1.0, 1: 0.0}]}"
3,0.9,0.15,1,log,linear,145.29074060878338,0.5992,0.5087212294032627,"{'branching': ['V1.9'], 'leaves': [{0: 0.0, 1: 1.0}, {0: 1.0, 1: 0.0}]}"
3,0.9,0.15,1,log,lasso,222.401121356594,0.5037,0.5010101913284815,"{'branching': ['V1.3'], 'leaves': [{0: 1.0, 1: 0.0}, {0: 1.0, 1: 0.0}]}"
3,0.9,0.16,1,tree,linear,145.29074060878338,0.5992,0.5087212294032627,"{'branching': ['V1.9'], 'leaves': [{0: 0.0, 1: 1.0}, {0: 1.0, 1: 0.0}]}"
3,0.9,0.16,1,tree,lasso,145.29074060878338,0.5992,0.5087212294032627,"{'branching': ['V1.9'], 'leaves': [{0: 0.0, 1: 1.0}, {0: 1.0, 1: 0.0}]}"
3,0.9,0.16,1,log,linear,145.29074060878338,0.5992,0.5087212294032627,"{'branching': ['V1.9'], 'leaves': [{0: 0.0, 1: 1.0}, {0: 1.0, 1: 0.0}]}"
3,0.9,0.16,1,log,lasso,222.401121356594,0.5037,0.5010101913284815,"{'branching': ['V1.1'], 'leaves': [{0: 1.0, 1: 0.0}, {0: 1.0, 1: 0.0}]}"
3,0.9,0.17,1,tree,linear,145.29074060878338,0.5992,0.5087212294032627,"{'branching': ['V1.9'], 'leaves': [{0: 0.0, 1: 1.0}, {0: 1.0, 1: 0.0}]}"
3,0.9,0.17,1,tree,lasso,111.65713450522004,0.6623,0.5120845900136188,"{'branching': ['V1.8'], 'leaves': [{0: 0.1414141414141414, 1: 0.8585858585858586}, {0: 1.0, 1: 0.0}]}"
3,0.9,0.17,1,log,linear,145.29074060878338,0.5992,0.5087212294032627,"{'branching': ['V1.9'], 'leaves': [{0: 0.0, 1: 1.0}, {0: 1.0, 1: 0.0}]}"
3,0.9,0.17,1,log,lasso,222.401121356594,0.5037,0.5010101913284815,"{'branching': ['V1.1'], 'leaves': [{0: 1.0, 1: 0.0}, {0: 1.0, 1: 0.0}]}"
3,0.9,0.18,1,tree,linear,145.29074060878338,0.5992,0.5087212294032627,"{'branching': ['V1.9'], 'leaves': [{0: 0.0, 1: 1.0}, {0: 1.0, 1: 0.0}]}"
3,0.9,0.18,1,tree,lasso,105.14278233749214,0.6727,0.5127360252303923,"{'branching': ['V1.8'], 'leaves': [{0: 0.09090909090909093, 1: 0.9090909090909091}, {0: 1.0, 1: 0.0}]}"
3,0.9,0.18,1,log,linear,145.29074060878412,0.5992,0.5087212294032626,"{'branching': ['V1.9'], 'leaves': [{0: 1.1102230246251565e-16, 1: 0.9999999999999999}, {0: 0.9999999999999999, 1: 0.0}]}"
3,0.9,0.18,1,log,lasso,222.401121356594,0.5037,0.5010101913284815,"{'branching': ['V1.1'], 'leaves': [{0: 1.0, 1: 0.0}, {0: 1.0, 1: 0.0}]}"
3,0.9,0.19,1,tree,linear,145.29074060878338,0.5992,0.5087212294032627,"{'branching': ['V1.9'], 'leaves': [{0: 0.0, 1: 1.0}, {0: 1.0, 1: 0.0}]}"
3,0.9,0.19,1,tree,lasso,98.62843016976429,0.6832,0.5133874604471643,"{'branching': ['V1.8'], 'leaves': [{0: 0.04040404040404041, 1: 0.9595959595959596}, {0: 1.0, 1: 0.0}]}"
3,0.9,0.19,1,log,linear,145.29074060878338,0.5992,0.5087212294032627,"{'branching': ['V1.9'], 'leaves': [{0: 0.0, 1: 1.0}, {0: 1.0, 1: 0.0}]}"
3,0.9,0.19,1,log,lasso,222.401121356594,0.5037,0.5010101913284815,"{'branching': ['V1.1'], 'leaves': [{0: 1.0, 1: 0.0}, {0: 1.0, 1: 0.0}]}"
3,0.9,0.2,1,tree,linear,145.29074060878338,0.5992,0.5087212294032627,"{'branching': ['V1.9'], 'leaves': [{0: 0.0, 1: 1.0}, {0: 1.0, 1: 0.0}]}"
3,0.9,0.2,1,tree,lasso,93.41694843558194,0.6902,0.5139086086205825,"{'branching': ['V1.8'], 'leaves': [{0: 0.0, 1: 1.0}, {0: 1.0, 1: 0.0}]}"
3,0.9,0.2,1,log,linear,145.29074060878338,0.5992,0.5087212294032627,"{'branching': ['V1.9'], 'leaves': [{0: 0.0, 1: 1.0}, {0: 1.0, 1: 0.0}]}"
3,0.9,0.2,1,log,lasso,222.401121356594,0.5037,0.5010101913284815,"{'branching': ['V1.1'], 'leaves': [{0: 1.0, 1: 0.0}, {0: 1.0, 1: 0.0}]}"
3,0.9,0.21,1,tree,linear,145.29074060878338,0.5992,0.5087212294032627,"{'branching': ['V1.9'], 'leaves': [{0: 0.0, 1: 1.0}, {0: 1.0, 1: 0.0}]}"
3,0.9,0.21,1,tree,lasso,93.41694843558194,0.6902,0.5139086086205825,"{'branching': ['V1.8'], 'leaves': [{0: 0.0, 1: 1.0}, {0: 1.0, 1: 0.0}]}"
3,0.9,0.21,1,log,linear,145.29074060878338,0.5992,0.5087212294032627,"{'branching': ['V1.9'], 'leaves': [{0: 0.0, 1: 1.0}, {0: 1.0, 1: 0.0}]}"
3,0.9,0.21,1,log,lasso,222.401121356594,0.5037,0.5010101913284815,"{'branching': ['V1.1'], 'leaves': [{0: 1.0, 1: 0.0}, {0: 1.0, 1: 0.0}]}"
3,0.9,0.22,1,tree,linear,145.29074060878338,0.5992,0.5087212294032627,"{'branching': ['V1.9'], 'leaves': [{0: 0.0, 1: 1.0}, {0: 1.0, 1: 0.0}]}"
3,0.9,0.22,1,tree,lasso,93.41694843558194,0.6902,0.5139086086205825,"{'branching': ['V1.8'], 'leaves': [{0: 0.0, 1: 1.0}, {0: 1.0, 1: 0.0}]}"
3,0.9,0.22,1,log,linear,145.29074060878338,0.5992,0.5087212294032627,"{'branching': ['V1.9'], 'leaves': [{0: 0.0, 1: 1.0}, {0: 1.0, 1: 0.0}]}"
3,0.9,0.22,1,log,lasso,222.401121356594,0.5037,0.5010101913284815,"{'branching': ['V1.1'], 'leaves': [{0: 1.0, 1: 0.0}, {0: 1.0, 1: 0.0}]}"
3,0.9,0.23,1,tree,linear,145.29074060878338,0.5992,0.5087212294032627,"{'branching': ['V1.9'], 'leaves': [{0: 0.0, 1: 1.0}, {0: 1.0, 1: 0.0}]}"
3,0.9,0.23,1,tree,lasso,93.41694843558194,0.6902,0.5139086086205825,"{'branching': ['V1.8'], 'leaves': [{0: 0.0, 1: 1.0}, {0: 1.0, 1: 0.0}]}"
3,0.9,0.23,1,log,linear,145.29074060878267,0.5992,0.5087212294032628,"{'branching': ['V1.9'], 'leaves': [{0: 2.220446049250313e-16, 1: 0.9999999999999997}, {0: 0.9999999999999998, 1: 3.885780586188048e-16}]}"
3,0.9,0.23,1,log,lasso,222.401121356594,0.5037,0.5010101913284815,"{'branching': ['V1.1'], 'leaves': [{0: 1.0, 1: 0.0}, {0: 1.0, 1: 0.0}]}"
3,0.9,0.24,1,tree,linear,145.29074060878338,0.5992,0.5087212294032627,"{'branching': ['V1.9'], 'leaves': [{0: 0.0, 1: 1.0}, {0: 1.0, 1: 0.0}]}"
3,0.9,0.24,1,tree,lasso,93.41694843558194,0.6902,0.5139086086205825,"{'branching': ['V1.8'], 'leaves': [{0: 0.0, 1: 1.0}, {0: 1.0, 1: 0.0}]}"
3,0.9,0.24,1,log,linear,145.29074060878332,0.5992,0.5087212294032627,"{'branching': ['V1.9'], 'leaves': [{0: 5.551115123125783e-17, 1: 1.0}, {0: 1.0, 1: 5.551115123125783e-17}]}"
3,0.9,0.24,1,log,lasso,222.401121356594,0.5037,0.5010101913284815,"{'branching': ['V1.3'], 'leaves': [{0: 1.0, 1: 0.0}, {0: 1.0, 1: 0.0}]}"
3,0.9,0.25,1,tree,linear,145.29074060878338,0.5992,0.5087212294032627,"{'branching': ['V1.9'], 'leaves': [{0: 0.0, 1: 1.0}, {0: 1.0, 1: 0.0}]}"
3,0.9,0.25,1,tree,lasso,93.41694843558194,0.6902,0.5139086086205825,"{'branching': ['V1.8'], 'leaves': [{0: 0.0, 1: 1.0}, {0: 1.0, 1: 0.0}]}"
3,0.9,0.25,1,log,linear,145.29074060878338,0.5992,0.5087212294032627,"{'branching': ['V1.9'], 'leaves': [{0: 0.0, 1: 1.0}, {0: 1.0, 1: 0.0}]}"
3,0.9,0.25,1,log,lasso,222.401121356594,0.5037,0.5010101913284815,"{'branching': ['V1.3'], 'leaves': [{0: 1.0, 1: 0.0}, {0: 1.0, 1: 0.0}]}"
3,0.9,0.26,1,tree,linear,145.29074060878338,0.5992,0.5087212294032627,"{'branching': ['V1.9'], 'leaves': [{0: 0.0, 1: 1.0}, {0: 1.0, 1: 0.0}]}"
3,0.9,0.26,1,tree,lasso,93.41694843558194,0.6902,0.5139086086205825,"{'branching': ['V1.8'], 'leaves': [{0: 0.0, 1: 1.0}, {0: 1.0, 1: 0.0}]}"
3,0.9,0.26,1,log,linear,145.29074060878338,0.5992,0.5087212294032627,"{'branching': ['V1.9'], 'leaves': [{0: 0.0, 1: 1.0}, {0: 1.0, 1: 0.0}]}"
3,0.9,0.26,1,log,lasso,222.401121356594,0.5037,0.5010101913284815,"{'branching': ['V1.1'], 'leaves': [{0: 1.0, 1: 0.0}, {0: 1.0, 1: 0.0}]}"
3,0.9,0.27,1,tree,linear,145.29074060878338,0.5992,0.5087212294032627,"{'branching': ['V1.9'], 'leaves': [{0: 0.0, 1: 1.0}, {0: 1.0, 1: 0.0}]}"
3,0.9,0.27,1,tree,lasso,93.41694843558194,0.6902,0.5139086086205825,"{'branching': ['V1.8'], 'leaves': [{0: 0.0, 1: 1.0}, {0: 1.0, 1: 0.0}]}"
3,0.9,0.27,1,log,linear,145.29074060878338,0.5992,0.5087212294032627,"{'branching': ['V1.9'], 'leaves': [{0: 0.0, 1: 1.0}, {0: 1.0, 1: 0.0}]}"
3,0.9,0.27,1,log,lasso,222.401121356594,0.5037,0.5010101913284815,"{'branching': ['V1.1'], 'leaves': [{0: 1.0, 1: 0.0}, {0: 1.0, 1: 0.0}]}"
3,0.9,0.28,1,tree,linear,145.29074060878338,0.5992,0.5087212294032627,"{'branching': ['V1.9'], 'leaves': [{0: 0.0, 1: 1.0}, {0: 1.0, 1: 0.0}]}"
3,0.9,0.28,1,tree,lasso,93.41694843558194,0.6902,0.5139086086205825,"{'branching': ['V1.8'], 'leaves': [{0: 0.0, 1: 1.0}, {0: 1.0, 1: 0.0}]}"
3,0.9,0.28,1,log,linear,145.2907406087844,0.5992,0.5087212294032626,"{'branching': ['V1.9'], 'leaves': [{0: 0.0, 1: 0.9999999999999998}, {0: 0.9999999999999998, 1: 0.0}]}"
3,0.9,0.28,1,log,lasso,222.401121356594,0.5037,0.5010101913284815,"{'branching': ['V1.3'], 'leaves': [{0: 1.0, 1: 0.0}, {0: 1.0, 1: 0.0}]}"
3,0.9,0.29,1,tree,linear,145.29074060878338,0.5992,0.5087212294032627,"{'branching': ['V1.9'], 'leaves': [{0: 0.0, 1: 1.0}, {0: 1.0, 1: 0.0}]}"
3,0.9,0.29,1,tree,lasso,93.41694843558194,0.6902,0.5139086086205825,"{'branching': ['V1.8'], 'leaves': [{0: 0.0, 1: 1.0}, {0: 1.0, 1: 0.0}]}"
3,0.9,0.29,1,log,linear,145.29074060878338,0.5992,0.5087212294032627,"{'branching': ['V1.9'], 'leaves': [{0: 0.0, 1: 1.0}, {0: 1.0, 1: 0.0}]}"
3,0.9,0.29,1,log,lasso,222.401121356594,0.5037,0.5010101913284815,"{'branching': ['V1.1'], 'leaves': [{0: 1.0, 1: 0.0}, {0: 1.0, 1: 0.0}]}"
3,0.9,0.3,1,tree,linear,145.29074060878338,0.5992,0.5087212294032627,"{'branching': ['V1.9'], 'leaves': [{0: 0.0, 1: 1.0}, {0: 1.0, 1: 0.0}]}"
3,0.9,0.3,1,tree,lasso,60.95666734614131,0.7591,0.5171546367295264,"{'branching': ['V1.7'], 'leaves': [{0: 0.0, 1: 1.0}, {0: 1.0, 1: 0.0}]}"
3,0.9,0.3,1,log,linear,145.29074060878338,0.5992,0.5087212294032627,"{'branching': ['V1.9'], 'leaves': [{0: 0.0, 1: 1.0}, {0: 1.0, 1: 0.0}]}"
3,0.9,0.3,1,log,lasso,222.401121356594,0.5037,0.5010101913284815,"{'branching': ['V1.1'], 'leaves': [{0: 1.0, 1: 0.0}, {0: 1.0, 1: 0.0}]}"
3,0.9,0.31,1,tree,linear,145.29074060878338,0.5992,0.5087212294032627,"{'branching': ['V1.9'], 'leaves': [{0: 0.0, 1: 1.0}, {0: 1.0, 1: 0.0}]}"
3,0.9,0.31,1,tree,lasso,60.95666734614131,0.7591,0.5171546367295264,"{'branching': ['V1.7'], 'leaves': [{0: 0.0, 1: 1.0}, {0: 1.0, 1: 0.0}]}"
3,0.9,0.31,1,log,linear,145.29074060878338,0.5992,0.5087212294032627,"{'branching': ['V1.9'], 'leaves': [{0: 0.0, 1: 1.0}, {0: 1.0, 1: 0.0}]}"
3,0.9,0.31,1,log,lasso,222.401121356594,0.5037,0.5010101913284815,"{'branching': ['V1.1'], 'leaves': [{0: 1.0, 1: 0.0}, {0: 1.0, 1: 0.0}]}"
3,0.9,0.32,1,tree,linear,145.29074060878338,0.5992,0.5087212294032627,"{'branching': ['V1.9'], 'leaves': [{0: 0.0, 1: 1.0}, {0: 1.0, 1: 0.0}]}"
3,0.9,0.32,1,tree,lasso,60.95666734614131,0.7591,0.5171546367295264,"{'branching': ['V1.7'], 'leaves': [{0: 0.0, 1: 1.0}, {0: 1.0, 1: 0.0}]}"
3,0.9,0.32,1,log,linear,145.29074060878347,0.5992,0.5087212294032627,"{'branching': ['V1.9'], 'leaves': [{0: 5.551115123125783e-17, 1: 0.9999999999999999}, {0: 1.0, 1: 0.0}]}"
3,0.9,0.32,1,log,lasso,222.401121356594,0.5037,0.5010101913284815,"{'branching': ['V1.1'], 'leaves': [{0: 1.0, 1: 0.0}, {0: 1.0, 1: 0.0}]}"
3,0.9,0.33,1,tree,linear,145.29074060878338,0.5992,0.5087212294032627,"{'branching': ['V1.9'], 'leaves': [{0: 0.0, 1: 1.0}, {0: 1.0, 1: 0.0}]}"
3,0.9,0.33,1,tree,lasso,77.57041194775381,0.7429,0.5154932622693643,"{'branching': ['V1.6'], 'leaves': [{0: 0.19117647058823528, 1: 0.8088235294117647}, {0: 1.0, 1: 0.0}]}"
3,0.9,0.33,1,log,linear,145.29074060878338,0.5992,0.5087212294032627,"{'branching': ['V1.9'], 'leaves': [{0: 0.0, 1: 1.0}, {0: 1.0, 1: 0.0}]}"
3,0.9,0.33,1,log,lasso,222.401121356594,0.5037,0.5010101913284815,"{'branching': ['V1.1'], 'leaves': [{0: 1.0, 1: 0.0}, {0: 1.0, 1: 0.0}]}"
3,0.9,0.34,1,tree,linear,145.29074060878338,0.5992,0.5087212294032627,"{'branching': ['V1.9'], 'leaves': [{0: 0.0, 1: 1.0}, {0: 1.0, 1: 0.0}]}"
3,0.9,0.34,1,tree,lasso,73.18160257172839,0.7515,0.5159321432069676,"{'branching': ['V1.6'], 'leaves': [{0: 0.1666666666666665, 1: 0.8333333333333335}, {0: 1.0, 1: 0.0}]}"
3,0.9,0.34,1,log,linear,145.29074060878403,0.5992,0.5087212294032626,"{'branching': ['V1.9'], 'leaves': [{0: 5.551115123125783e-16, 1: 0.9999999999999996}, {0: 0.9999999999999999, 1: 5.551115123125783e-17}]}"
3,0.9,0.34,1,log,lasso,222.401121356594,0.5037,0.5010101913284815,"{'branching': ['V1.1'], 'leaves': [{0: 1.0, 1: 0.0}, {0: 1.0, 1: 0.0}]}"
3,0.9,0.35,1,tree,linear,145.29074060878338,0.5992,0.5087212294032627,"{'branching': ['V1.9'], 'leaves': [{0: 0.0, 1: 1.0}, {0: 1.0, 1: 0.0}]}"
3,0.9,0.35,1,tree,lasso,68.79279319570277,0.7524,0.5163710241445679,"{'branching': ['V1.6'], 'leaves': [{0: 0.14215686274509803, 1: 0.857843137254902}, {0: 1.0, 1: 0.0}]}"
3,0.9,0.35,1,log,linear,145.29074060878307,0.5992,0.5087212294032627,"{'branching': ['V1.9'], 'leaves': [{0: 5.551115123125783e-16, 1: 0.9999999999999993}, {0: 0.9999999999999989, 1: 1.2212453270876722e-15}]}"
3,0.9,0.35,1,log,lasso,222.401121356594,0.5037,0.5010101913284815,"{'branching': ['V1.3'], 'leaves': [{0: 1.0, 1: 0.0}, {0: 1.0, 1: 0.0}]}"
3,0.9,0.36,1,tree,linear,145.29074060878338,0.5992,0.5087212294032627,"{'branching': ['V1.9'], 'leaves': [{0: 0.0, 1: 1.0}, {0: 1.0, 1: 0.0}]}"
3,0.9,0.36,1,tree,lasso,64.40398381967745,0.7613,0.5168099050821725,"{'branching': ['V1.6'], 'leaves': [{0: 0.11764705882352944, 1: 0.8823529411764706}, {0: 1.0, 1: 0.0}]}"
3,0.9,0.36,1,log,linear,145.29074060878338,0.5992,0.5087212294032627,"{'branching': ['V1.9'], 'leaves': [{0: 0.0, 1: 1.0}, {0: 1.0, 1: 0.0}]}"
3,0.9,0.36,1,log,lasso,222.401121356594,0.5037,0.5010101913284815,"{'branching': ['V1.1'], 'leaves': [{0: 1.0, 1: 0.0}, {0: 1.0, 1: 0.0}]}"
3,0.9,0.37,1,tree,linear,145.29074060878338,0.5992,0.5087212294032627,"{'branching': ['V1.9'], 'leaves': [{0: 5.551115123125783e-17, 1: 1.0}, {0: 1.0, 1: 0.0}]}"
3,0.9,0.37,1,tree,lasso,60.01517444365199,0.7718,0.5172487860197758,"{'branching': ['V1.6'], 'leaves': [{0: 0.09313725490196079, 1: 0.9068627450980392}, {0: 1.0, 1: 0.0}]}"
3,0.9,0.37,1,log,linear,145.29074060878324,0.5992,0.5087212294032627,"{'branching': ['V1.9'], 'leaves': [{0: 0.0, 1: 1.0000000000000002}, {0: 1.0, 1: 0.0}]}"
3,0.9,0.37,1,log,lasso,222.401121356594,0.5037,0.5010101913284815,"{'branching': ['V1.1'], 'leaves': [{0: 1.0, 1: 0.0}, {0: 1.0, 1: 0.0}]}"
3,0.9,0.38,1,tree,linear,145.29074060878338,0.5992,0.5087212294032627,"{'branching': ['V1.9'], 'leaves': [{0: 0.0, 1: 1.0}, {0: 1.0, 1: 0.0}]}"
3,0.9,0.38,1,tree,lasso,55.62636506762647,0.7816,0.5176876669573772,"{'branching': ['V1.6'], 'leaves': [{0: 0.06862745098039216, 1: 0.9313725490196079}, {0: 1.0, 1: 0.0}]}"
3,0.9,0.38,1,log,linear,145.29074060878338,0.5992,0.5087212294032627,"{'branching': ['V1.9'], 'leaves': [{0: 0.0, 1: 1.0}, {0: 1.0, 1: 0.0}]}"
3,0.9,0.38,1,log,lasso,222.401121356594,0.5037,0.5010101913284815,"{'branching': ['V1.1'], 'leaves': [{0: 1.0, 1: 0.0}, {0: 1.0, 1: 0.0}]}"
3,0.9,0.39,1,tree,linear,145.29074060878338,0.5992,0.5087212294032627,"{'branching': ['V1.9'], 'leaves': [{0: 0.0, 1: 1.0}, {0: 1.0, 1: 0.0}]}"
3,0.9,0.39,1,tree,lasso,51.23755569160098,0.7855,0.5181265478949816,"{'branching': ['V1.6'], 'leaves': [{0: 0.044117647058823525, 1: 0.9558823529411765}, {0: 1.0, 1: 0.0}]}"
3,0.9,0.39,1,log,linear,145.29074060878352,0.5992,0.5087212294032627,"{'branching': ['V1.9'], 'leaves': [{0: 4.440892098500626e-16, 1: 0.9999999999999994}, {0: 0.9999999999999993, 1: 6.661338147750939e-16}]}"
3,0.9,0.39,1,log,lasso,222.401121356594,0.5037,0.5010101913284815,"{'branching': ['V1.1'], 'leaves': [{0: 1.0, 1: 0.0}, {0: 1.0, 1: 0.0}]}"
3,0.9,0.4,1,tree,linear,145.29074060878338,0.5992,0.5087212294032627,"{'branching': ['V1.9'], 'leaves': [{0: 0.0, 1: 1.0}, {0: 1.0, 1: 0.0}]}"
3,0.9,0.4,1,tree,lasso,46.8487463155757,0.7913,0.5185654288325834,"{'branching': ['V1.6'], 'leaves': [{0: 0.0196078431372549, 1: 0.9803921568627451}, {0: 1.0, 1: 0.0}]}"
3,0.9,0.4,1,log,linear,145.29074060878338,0.5992,0.5087212294032627,"{'branching': ['V1.9'], 'leaves': [{0: 0.0, 1: 1.0}, {0: 1.0, 1: 0.0}]}"
3,0.9,0.4,1,log,lasso,222.401121356594,0.5037,0.5010101913284815,"{'branching': ['V1.1'], 'leaves': [{0: 1.0, 1: 0.0}, {0: 1.0, 1: 0.0}]}"
4,0.9,0.05,1,tree,linear,222.36104017975623,0.4721,0.5023937727443368,"{'branching': ['V1.9'], 'leaves': [{0: 0.5454545454545454, 1: 0.4545454545454546}, {0: 1.0, 1: 0.0}]}"
4,0.9,0.05,1,tree,lasso,222.36104017975623,0.4746,0.5023937727443368,"{'branching': ['V1.9'], 'leaves': [{0: 0.5454545454545454, 1: 0.4545454545454546}, {0: 1.0, 1: 0.0}]}"
4,0.9,0.05,1,log,linear,222.36104017975623,0.4702,0.5023937727443368,"{'branching': ['V1.9'], 'leaves': [{0: 0.5454545454545454, 1: 0.4545454545454546}, {0: 1.0, 1: 0.0}]}"
4,0.9,0.05,1,log,lasso,247.66820821597543,0.4478,0.4998630559407152,"{'branching': ['V2.3'], 'leaves': [{0: 1.0, 1: 0.0}, {0: 0.8239436619718308, 1: 0.17605633802816917}]}"
4,0.9,0.06,1,tree,linear,213.88354817598983,0.4793,0.5032415219447134,"{'branching': ['V1.9'], 'leaves': [{0: 0.4545454545454546, 1: 0.5454545454545454}, {0: 0.9999999999999999, 1: 0.0}]}"
4,0.9,0.06,1,tree,lasso,213.8835481759892,0.4827,0.5032415219447134,"{'branching': ['V1.9'], 'leaves': [{0: 0.4545454545454546, 1: 0.5454545454545454}, {0: 1.0, 1: 0.0}]}"
4,0.9,0.06,1,log,linear,213.8835481759892,0.4825,0.5032415219447134,"{'branching': ['V1.9'], 'leaves': [{0: 0.4545454545454547, 1: 0.5454545454545453}, {0: 1.0, 1: 0.0}]}"
4,0.9,0.06,1,log,lasso,244.25214981945211,0.4511,0.5002046617803668,"{'branching': ['V2.3'], 'leaves': [{0: 1.0, 1: 0.0}, {0: 0.7887323943661974, 1: 0.21126760563380265}]}"
4,0.9,0.07,1,tree,linear,205.4060561722221,0.4908,0.5040892711450905,"{'branching': ['V1.9'], 'leaves': [{0: 0.36363636363636365, 1: 0.6363636363636364}, {0: 1.0, 1: 0.0}]}"
4,0.9,0.07,1,tree,lasso,205.4060561722221,0.4901,0.5040892711450905,"{'branching': ['V1.9'], 'leaves': [{0: 0.36363636363636354, 1: 0.6363636363636365}, {0: 1.0, 1: 0.0}]}"
4,0.9,0.07,1,log,linear,205.4060561722221,0.4897,0.5040892711450905,"{'branching': ['V1.9'], 'leaves': [{0: 0.36363636363636354, 1: 0.6363636363636365}, {0: 1.0, 1: 0.0}]}"
4,0.9,0.07,1,log,lasso,240.8360914229289,0.4624,0.5005462676200196,"{'branching': ['V2.3'], 'leaves': [{0: 1.0, 1: 0.0}, {0: 0.7535211267605634, 1: 0.24647887323943662}]}"
4,0.9,0.08,1,tree,linear,196.92856416845493,0.501,0.5049370203454667,"{'branching': ['V1.9'], 'leaves': [{0: 0.2727272727272727, 1: 0.7272727272727274}, {0: 1.0, 1: 0.0}]}"
4,0.9,0.08,1,tree,lasso,196.92856416845504,0.4995,0.5049370203454667,"{'branching': ['V1.9'], 'leaves': [{0: 0.2727272727272727, 1: 0.7272727272727273}, {0: 1.0, 1: 0.0}]}"
4,0.9,0.08,1,log,linear,196.92856416845504,0.5013,0.5049370203454667,"{'branching': ['V1.9'], 'leaves': [{0: 0.2727272727272727, 1: 0.7272727272727273}, {0: 1.0, 1: 0.0}]}"
4,0.9,0.08,1,log,lasso,237.4200330264057,0.4613,0.5008878734596723,"{'branching': ['V2.3'], 'leaves': [{0: 1.0, 1: 0.0}, {0: 0.7183098591549296, 1: 0.2816901408450704}]}"
4,0.9,0.09,1,tree,linear,188.451072164688,0.5103,0.5057847695458436,"{'branching': ['V1.9'], 'leaves': [{0: 0.18181818181818188, 1: 0.8181818181818181}, {0: 1.0, 1: 0.0}]}"
4,0.9,0.09,1,tree,lasso,188.451072164688,0.5101,0.5057847695458436,"{'branching': ['V1.9'], 'leaves': [{0: 0.18181818181818182, 1: 0.8181818181818181}, {0: 1.0, 1: 0.0}]}"
4,0.9,0.09,1,log,linear,188.451072164688,0.5082,0.5057847695458436,"{'branching': ['V1.9'], 'leaves': [{0: 0.18181818181818188, 1: 0.8181818181818181}, {0: 1.0, 1: 0.0}]}"
4,0.9,0.09,1,log,lasso,234.00397462988244,0.4705,0.5012294792993238,"{'branching': ['V2.3'], 'leaves': [{0: 1.0, 1: 0.0}, {0: 0.6830985915492958, 1: 0.31690140845070425}]}"
4,0.9,0.1,1,tree,linear,179.9735801609209,0.5195,0.5066325187462212,"{'branching': ['V1.9'], 'leaves': [{0: 0.09090909090909083, 1: 0.9090909090909092}, {0: 1.0, 1: 0.0}]}"
4,0.9,0.1,1,tree,lasso,179.97358016092096,0.5187,0.5066325187462212,"{'branching': ['V1.9'], 'leaves': [{0: 0.09090909090909091, 1: 0.9090909090909091}, {0: 1.0, 1: 0.0}]}"
4,0.9,0.1,1,log,linear,179.9735801609209,0.5185,0.5066325187462212,"{'branching': ['V1.9'], 'leaves': [{0: 0.09090909090909095, 1: 0.9090909090909091}, {0: 1.0, 1: 0.0}]}"
4,0.9,0.1,1,log,lasso,230.58791623335924,0.4755,0.5015710851389779,"{'branching': ['V2.3'], 'leaves': [{0: 1.0, 1: 0.0}, {0: 0.647887323943662, 1: 0.352112676056338}]}"
4,0.9,0.11,1,tree,linear,171.49608815715388,0.5279,0.5074802679465963,"{'branching': ['V1.9'], 'leaves': [{0: 0.0, 1: 1.0}, {0: 1.0, 1: 0.0}]}"
4,0.9,0.11,1,tree,lasso,171.49608815715374,0.5279,0.5074802679465963,"{'branching': ['V1.9'], 'leaves': [{0: 0.0, 1: 1.0000000000000002}, {0: 1.0, 1: 0.0}]}"
4,0.9,0.11,1,log,linear,171.49608815715388,0.5279,0.5074802679465963,"{'branching': ['V1.9'], 'leaves': [{0: 0.0, 1: 1.0}, {0: 1.0, 1: 0.0}]}"
4,0.9,0.11,1,log,lasso,227.171857836836,0.4794,0.5019126909786302,"{'branching': ['V2.3'], 'leaves': [{0: 1.0, 1: 0.0}, {0: 0.6126760563380281, 1: 0.38732394366197187}]}"
4,0.9,0.12,1,tree,linear,171.49608815715388,0.5279,0.5074802679465963,"{'branching': ['V1.9'], 'leaves': [{0: 0.0, 1: 1.0}, {0: 1.0, 1: 0.0}]}"
4,0.9,0.12,1,tree,lasso,171.49608815715388,0.5279,0.5074802679465963,"{'branching': ['V1.9'], 'leaves': [{0: 0.0, 1: 1.0}, {0: 1.0, 1: 0.0}]}"
4,0.9,0.12,1,log,linear,171.49608815715388,0.5279,0.5074802679465963,"{'branching': ['V1.9'], 'leaves': [{0: 0.0, 1: 1.0}, {0: 1.0, 1: 0.0}]}"
4,0.9,0.12,1,log,lasso,223.7557994403128,0.4833,0.5022542968182819,"{'branching': ['V2.3'], 'leaves': [{0: 1.0, 1: 0.0}, {0: 0.5774647887323944, 1: 0.4225352112676056}]}"
4,0.9,0.13,1,tree,linear,171.49608815715388,0.5279,0.5074802679465963,"{'branching': ['V1.9'], 'leaves': [{0: 0.0, 1: 1.0}, {0: 1.0, 1: 0.0}]}"
4,0.9,0.13,1,tree,lasso,167.68392643160283,0.556,0.5078614841191517,"{'branching': ['V1.8'], 'leaves': [{0: 0.36893203883495146, 1: 0.6310679611650485}, {0: 1.0, 1: 0.0}]}"
4,0.9,0.13,1,log,linear,171.49608815715388,0.5279,0.5074802679465963,"{'branching': ['V1.9'], 'leaves': [{0: 0.0, 1: 1.0}, {0: 1.0, 1: 0.0}]}"
4,0.9,0.13,1,log,lasso,220.3397410437896,0.4851,0.5025959026579327,"{'branching': ['V2.3'], 'leaves': [{0: 1.0, 1: 0.0}, {0: 0.5422535211267605, 1: 0.4577464788732395}]}"
4,0.9,0.14,1,tree,linear,171.49608815715388,0.5279,0.5074802679465963,"{'branching': ['V1.9'], 'leaves': [{0: 0.0, 1: 1.0}, {0: 1.0, 1: 0.0}]}"
4,0.9,0.14,1,tree,lasso,160.21742075721906,0.5621,0.5086081346865894,"{'branching': ['V1.8'], 'leaves': [{0: 0.32038834951456313, 1: 0.6796116504854368}, {0: 1.0, 1: 0.0}]}"
4,0.9,0.14,1,log,linear,171.49608815715388,0.5279,0.5074802679465963,"{'branching': ['V1.9'], 'leaves': [{0: 0.0, 1: 1.0}, {0: 1.0, 1: 0.0}]}"
4,0.9,0.14,1,log,lasso,216.92368264726636,0.4953,0.5029375084975866,"{'branching': ['V2.3'], 'leaves': [{0: 1.0, 1: 0.0}, {0: 0.5070422535211268, 1: 0.49295774647887325}]}"
4,0.9,0.15,1,tree,linear,171.4960881571548,0.5279,0.5074802679465962,"{'branching': ['V1.9'], 'leaves': [{0: 0.0, 1: 1.0000000000000004}, {0: 0.9999999999999996, 1: 1.3877787807814457e-16}]}"
4,0.9,0.15,1,tree,lasso,152.75091508283526,0.572,0.509354785254029,"{'branching': ['V1.8'], 'leaves': [{0: 0.27184466019417475, 1: 0.7281553398058253}, {0: 1.0, 1: 0.0}]}"
4,0.9,0.15,1,log,linear,171.49608815715388,0.5279,0.5074802679465963,"{'branching': ['V1.9'], 'leaves': [{0: 0.0, 1: 1.0}, {0: 1.0, 1: 0.0}]}"
4,0.9,0.15,1,log,lasso,213.5076242507432,0.4996,0.503279114337239,"{'branching': ['V2.3'], 'leaves': [{0: 1.0, 1: 0.0}, {0: 0.47183098591549294, 1: 0.528169014084507}]}"
4,0.9,0.16,1,tree,linear,171.49608815715388,0.5279,0.5074802679465963,"{'branching': ['V1.9'], 'leaves': [{0: 0.0, 1: 1.0}, {0: 1.0, 1: 0.0}]}"
4,0.9,0.16,1,tree,lasso,145.28440940845127,0.5831,0.5101014358214669,"{'branching': ['V1.8'], 'leaves': [{0: 0.22330097087378498, 1: 0.776699029126215}, {0: 1.0, 1: 0.0}]}"
4,0.9,0.16,1,log,linear,171.49608815715388,0.5279,0.5074802679465963,"{'branching': ['V1.9'], 'leaves': [{0: 0.0, 1: 1.0}, {0: 1.0, 1: 0.0}]}"
4,0.9,0.16,1,log,lasso,210.09156585421997,0.505,0.5036207201768907,"{'branching': ['V2.3'], 'leaves': [{0: 1.0, 1: 0.0}, {0: 0.4366197183098592, 1: 0.5633802816901408}]}"
4,0.9,0.17,1,tree,linear,137.81790373406778,0.5923,0.5108480863889042,"{'branching': ['V1.8'], 'leaves': [{0: 0.17475728155339806, 1: 0.8252427184466019}, {0: 1.0, 1: 0.0}]}"
4,0.9,0.17,1,tree,lasso,137.81790373406747,0.5896,0.5108480863889042,"{'branching': ['V1.8'], 'leaves': [{0: 0.1747572815533976, 1: 0.8252427184466026}, {0: 1.0, 1: 0.0}]}"
4,0.9,0.17,1,log,linear,137.81790373406778,0.591,0.5108480863889042,"{'branching': ['V1.8'], 'leaves': [{0: 0.17475728155339806, 1: 0.8252427184466019}, {0: 1.0, 1: 0.0}]}"
4,0.9,0.17,1,log,lasso,206.67550745769725,0.5088,0.5039623260165434,"{'branching': ['V2.3'], 'leaves': [{0: 1.0, 1: 0.0}, {0: 0.4014084507042258, 1: 0.5985915492957737}]}"
4,0.9,0.18,1,tree,linear,130.351398059684,0.5998,0.511594736956343,"{'branching': ['V1.8'], 'leaves': [{0: 0.12621359223300965, 1: 0.8737864077669903}, {0: 1.0, 1: 0.0}]}"
4,0.9,0.18,1,tree,lasso,130.35139805968328,0.6026,0.511594736956343,"{'branching': ['V1.8'], 'leaves': [{0: 0.12621359223301015, 1: 0.8737864077669899}, {0: 1.0, 1: 1.8735013540549517e-16}]}"
4,0.9,0.18,1,log,linear,130.35139805968393,0.6005,0.511594736956343,"{'branching': ['V1.8'], 'leaves': [{0: 0.1262135922330097, 1: 0.8737864077669903}, {0: 1.0, 1: 0.0}]}"
4,0.9,0.18,1,log,lasso,203.2594490611732,0.5109,0.5043039318561948,"{'branching': ['V2.3'], 'leaves': [{0: 1.0, 1: 0.0}, {0: 0.3661971830985902, 1: 0.6338028169014099}]}"
4,0.9,0.19,1,tree,linear,122.88489238530023,0.6106,0.5123413875237819,"{'branching': ['V1.8'], 'leaves': [{0: 0.07766990291262132, 1: 0.9223300970873787}, {0: 1.0, 1: 0.0}]}"
4,0.9,0.19,1,tree,lasso,122.88489238530022,0.6138,0.5123413875237819,"{'branching': ['V1.8'], 'leaves': [{0: 0.07766990291262135, 1: 0.9223300970873787}, {0: 1.0, 1: 0.0}]}"
4,0.9,0.19,1,log,linear,122.88489238530022,0.6115,0.5123413875237819,"{'branching': ['V1.8'], 'leaves': [{0: 0.07766990291262134, 1: 0.9223300970873787}, {0: 1.0, 1: 0.0}]}"
4,0.9,0.19,1,log,lasso,199.84339066465049,0.5212,0.5046455376958476,"{'branching': ['V2.3'], 'leaves': [{0: 1.0, 1: 0.0}, {0: 0.33098591549295875, 1: 0.6690140845070411}]}"
4,0.9,0.2,1,tree,linear,115.41838671091648,0.6223,0.5130880380912196,"{'branching': ['V1.8'], 'leaves': [{0: 0.02912621359223301, 1: 0.970873786407767}, {0: 1.0, 1: 0.0}]}"
4,0.9,0.2,1,tree,lasso,115.4183867109164,0.6209,0.5130880380912197,"{'branching': ['V1.8'], 'leaves': [{0: 0.029126213592232726, 1: 0.9708737864077673}, {0: 1.0, 1: 0.0}]}"
4,0.9,0.2,1,log,linear,115.41838671091648,0.6213,0.5130880380912196,"{'branching': ['V1.8'], 'leaves': [{0: 0.02912621359223301, 1: 0.970873786407767}, {0: 1.0, 1: 0.0}]}"
4,0.9,0.2,1,log,lasso,196.42733226812575,0.5263,0.5049871435355014,"{'branching': ['V2.3'], 'leaves': [{0: 1.0, 1: 0.0}, {0: 0.2957746478873244, 1: 0.7042253521126767}]}"
4,0.9,0.21,1,tree,linear,110.93848330628626,0.6272,0.5135360284316813,"{'branching': ['V1.8'], 'leaves': [{0: 0.0, 1: 1.0}, {0: 1.0, 1: 0.0}]}"
4,0.9,0.21,1,tree,lasso,110.93848330628626,0.6272,0.5135360284316813,"{'branching': ['V1.8'], 'leaves': [{0: 0.0, 1: 1.0}, {0: 1.0, 1: 0.0}]}"
4,0.9,0.21,1,log,linear,110.93848330628626,0.6272,0.5135360284316813,"{'branching': ['V1.8'], 'leaves': [{0: 0.0, 1: 1.0}, {0: 1.0, 1: 0.0}]}"
4,0.9,0.21,1,log,lasso,193.01127387160355,0.5278,0.505328749375153,"{'branching': ['V2.3'], 'leaves': [{0: 1.0, 1: 0.0}, {0: 0.26056338028169035, 1: 0.7394366197183099}]}"
4,0.9,0.22,1,tree,linear,110.93848330628626,0.6272,0.5135360284316813,"{'branching': ['V1.8'], 'leaves': [{0: 0.0, 1: 1.0}, {0: 1.0, 1: 0.0}]}"
4,0.9,0.22,1,tree,lasso,110.93848330628626,0.6272,0.5135360284316813,"{'branching': ['V1.8'], 'leaves': [{0: 0.0, 1: 1.0}, {0: 1.0, 1: 0.0}]}"
4,0.9,0.22,1,log,linear,110.9384833062864,0.6272,0.5135360284316813,"{'branching': ['V1.8'], 'leaves': [{0: 3.885780586188048e-16, 1: 0.9999999999999996}, {0: 0.9999999999999998, 1: 2.220446049250313e-16}]}"
4,0.9,0.22,1,log,lasso,189.59521547508055,0.5386,0.5056703552148061,"{'branching': ['V2.3'], 'leaves': [{0: 1.0, 1: 0.0}, {0: 0.22535211267605634, 1: 0.7746478873239436}]}"
4,0.9,0.23,1,tree,linear,110.93848330628626,0.6272,0.5135360284316813,"{'branching': ['V1.8'], 'leaves': [{0: 0.0, 1: 1.0}, {0: 1.0, 1: 0.0}]}"
4,0.9,0.23,1,tree,lasso,110.93848330628626,0.6272,0.5135360284316813,"{'branching': ['V1.8'], 'leaves': [{0: 0.0, 1: 1.0}, {0: 1.0, 1: 0.0}]}"
4,0.9,0.23,1,log,linear,110.93848330628636,0.6272,0.5135360284316813,"{'branching': ['V1.8'], 'leaves': [{0: 1.6653345369377348e-16, 1: 0.9999999999999998}, {0: 0.9999999999999999, 1: 1.1102230246251565e-16}]}"
4,0.9,0.23,1,log,lasso,186.17915707855937,0.5407,0.5060119610544581,"{'branching': ['V2.3'], 'leaves': [{0: 1.0, 1: 0.0}, {0: 0.1901408450704205, 1: 0.8098591549295776}]}"
4,0.9,0.24,1,tree,linear,110.93848330628626,0.6272,0.5135360284316813,"{'branching': ['V1.8'], 'leaves': [{0: 0.0, 1: 1.0}, {0: 1.0, 1: 0.0}]}"
4,0.9,0.24,1,tree,lasso,110.93848330628626,0.6272,0.5135360284316813,"{'branching': ['V1.8'], 'leaves': [{0: 0.0, 1: 1.0}, {0: 1.0, 1: 0.0}]}"
4,0.9,0.24,1,log,linear,110.9384833062863,0.6272,0.5135360284316813,"{'branching': ['V1.8'], 'leaves': [{0: 1.1102230246251565e-16, 1: 0.9999999999999999}, {0: 1.0, 1: 0.0}]}"
4,0.9,0.24,1,log,lasso,182.76309868203413,0.5454,0.5063535668941086,"{'branching': ['V2.3'], 'leaves': [{0: 1.0, 1: 0.0}, {0: 0.15492957746478875, 1: 0.8450704225352113}]}"
4,0.9,0.25,1,tree,linear,110.93848330628626,0.6272,0.5135360284316813,"{'branching': ['V1.8'], 'leaves': [{0: 0.0, 1: 1.0}, {0: 1.0, 1: 0.0}]}"
4,0.9,0.25,1,tree,lasso,110.93848330628626,0.6272,0.5135360284316813,"{'branching': ['V1.8'], 'leaves': [{0: 0.0, 1: 1.0}, {0: 1.0, 1: 0.0}]}"
4,0.9,0.25,1,log,linear,110.93848330628626,0.6272,0.5135360284316813,"{'branching': ['V1.8'], 'leaves': [{0: 0.0, 1: 1.0}, {0: 1.0, 1: 0.0}]}"
4,0.9,0.25,1,log,lasso,179.34704028551107,0.5506,0.5066951727337622,"{'branching': ['V2.3'], 'leaves': [{0: 1.0, 1: 0.0}, {0: 0.11971830985915506, 1: 0.8802816901408448}]}"
4,0.9,0.26,1,tree,linear,110.93848330628552,0.6272,0.5135360284316814,"{'branching': ['V1.8'], 'leaves': [{0: 1.1102230246251565e-16, 1: 1.0}, {0: 1.0, 1: 1.1102230246251565e-16}]}"
4,0.9,0.26,1,tree,lasso,110.93848330628626,0.6272,0.5135360284316813,"{'branching': ['V1.8'], 'leaves': [{0: 0.0, 1: 1.0}, {0: 1.0, 1: 0.0}]}"
4,0.9,0.26,1,log,linear,110.93848330628607,0.6272,0.5135360284316813,"{'branching': ['V1.8'], 'leaves': [{0: 1.1102230246251565e-16, 1: 1.0}, {0: 1.0, 1: 0.0}]}"
4,0.9,0.26,1,log,lasso,175.93098188898765,0.5551,0.5070367785734136,"{'branching': ['V2.3'], 'leaves': [{0: 1.0, 1: 0.0}, {0: 0.08450704225352113, 1: 0.9154929577464789}]}"
4,0.9,0.27,1,tree,linear,110.93848330628626,0.6272,0.5135360284316813,"{'branching': ['V1.8'], 'leaves': [{0: 5.551115123125783e-17, 1: 1.0}, {0: 1.0, 1: 0.0}]}"
4,0.9,0.27,1,tree,lasso,110.93848330628626,0.6272,0.5135360284316813,"{'branching': ['V1.8'], 'leaves': [{0: 0.0, 1: 1.0}, {0: 1.0, 1: 0.0}]}"
4,0.9,0.27,1,log,linear,110.938483306286,0.6272,0.5135360284316814,"{'branching': ['V1.8'], 'leaves': [{0: 0.0, 1: 1.0000000000000002}, {0: 1.0, 1: 0.0}]}"
4,0.9,0.27,1,log,lasso,172.5149234924643,0.5585,0.5073783844130663,"{'branching': ['V2.3'], 'leaves': [{0: 1.0, 1: 0.0}, {0: 0.04929577464788775, 1: 0.9507042253521124}]}"
4,0.9,0.28,1,tree,linear,110.93848330628626,0.6272,0.5135360284316813,"{'branching': ['V1.8'], 'leaves': [{0: 0.0, 1: 1.0}, {0: 1.0, 1: 0.0}]}"
4,0.9,0.28,1,tree,lasso,110.93848330628626,0.6272,0.5135360284316813,"{'branching': ['V1.8'], 'leaves': [{0: 0.0, 1: 1.0}, {0: 1.0, 1: 0.0}]}"
4,0.9,0.28,1,log,linear,110.93848330628732,0.6272,0.5135360284316812,"{'branching': ['V1.8'], 'leaves': [{0: 0.0, 1: 0.9999999999999998}, {0: 0.9999999999999998, 1: 0.0}]}"
4,0.9,0.28,1,log,lasso,169.0988650959412,0.564,0.5077199902527203,"{'branching': ['V2.3'], 'leaves': [{0: 1.0, 1: 0.0}, {0: 0.014084507042253521, 1: 0.9859154929577465}]}"
4,0.9,0.29,1,tree,linear,110.93848330628626,0.6272,0.5135360284316813,"{'branching': ['V1.8'], 'leaves': [{0: 0.0, 1: 1.0}, {0: 1.0, 1: 0.0}]}"
4,0.9,0.29,1,tree,lasso,110.93848330628626,0.6272,0.5135360284316813,"{'branching': ['V1.8'], 'leaves': [{0: 0.0, 1: 1.0}, {0: 1.0, 1: 0.0}]}"
4,0.9,0.29,1,log,linear,110.93848330628649,0.6272,0.5135360284316813,"{'branching': ['V1.8'], 'leaves': [{0: 4.440892098500626e-16, 1: 0.9999999999999994}, {0: 1.0, 1: 0.0}]}"
4,0.9,0.29,1,log,lasso,167.7324417373319,0.5663,0.5078566325885799,"{'branching': ['V2.3'], 'leaves': [{0: 1.0, 1: 0.0}, {0: 0.0, 1: 1.0}]}"
4,0.9,0.3,1,tree,linear,110.93848330628606,0.6272,0.5135360284316813,"{'branching': ['V1.8'], 'leaves': [{0: 1.6653345369377348e-16, 1: 0.9999999999999999}, {0: 0.9999999999999998, 1: 2.7755575615628914e-16}]}"
4,0.9,0.3,1,tree,lasso,110.93848330628626,0.6272,0.5135360284316813,"{'branching': ['V1.8'], 'leaves': [{0: 0.0, 1: 1.0}, {0: 1.0, 1: 0.0}]}"
4,0.9,0.3,1,log,linear,110.9384833062863,0.6272,0.5135360284316813,"{'branching': ['V1.8'], 'leaves': [{0: 1.1102230246251565e-16, 1: 0.9999999999999999}, {0: 1.0, 1: 0.0}]}"
4,0.9,0.3,1,log,lasso,167.73244173732903,0.5663,0.5078566325885803,"{'branching': ['V2.3'], 'leaves': [{0: 1.0, 1: 0.0}, {0: 2.67841304690819e-15, 1: 1.0}]}"
4,0.9,0.31,1,tree,linear,110.93848330628708,0.6272,0.5135360284316812,"{'branching': ['V1.8'], 'leaves': [{0: 3.7007434154171876e-17, 1: 0.9999999999999999}, {0: 0.9999999999999999, 1: 1.8503717077085938e-17}]}"
4,0.9,0.31,1,tree,lasso,110.93848330628626,0.6272,0.5135360284316813,"{'branching': ['V1.8'], 'leaves': [{0: 0.0, 1: 1.0}, {0: 1.0, 1: 0.0}]}"
4,0.9,0.31,1,log,linear,110.93848330628626,0.6272,0.5135360284316813,"{'branching': ['V1.8'], 'leaves': [{0: 0.0, 1: 1.0}, {0: 1.0, 1: 0.0}]}"
4,0.9,0.31,1,log,lasso,167.7324417373319,0.5663,0.5078566325885799,"{'branching': ['V2.3'], 'leaves': [{0: 1.0, 1: 0.0}, {0: 0.0, 1: 1.0}]}"
4,0.9,0.32,1,tree,linear,110.93848330628626,0.6272,0.5135360284316813,"{'branching': ['V1.8'], 'leaves': [{0: 0.0, 1: 1.0}, {0: 1.0, 1: 0.0}]}"
4,0.9,0.32,1,tree,lasso,110.93848330628626,0.6272,0.5135360284316813,"{'branching': ['V1.8'], 'leaves': [{0: 0.0, 1: 1.0}, {0: 1.0, 1: 0.0}]}"
4,0.9,0.32,1,log,linear,110.93848330628626,0.6272,0.5135360284316813,"{'branching': ['V1.8'], 'leaves': [{0: 0.0, 1: 1.0}, {0: 1.0, 1: 0.0}]}"
4,0.9,0.32,1,log,lasso,167.7324417373319,0.5663,0.5078566325885799,"{'branching': ['V2.3'], 'leaves': [{0: 1.0, 1: 0.0}, {0: 0.0, 1: 1.0}]}"
4,0.9,0.33,1,tree,linear,110.93848330628626,0.6272,0.5135360284316813,"{'branching': ['V1.8'], 'leaves': [{0: 0.0, 1: 1.0}, {0: 1.0, 1: 0.0}]}"
4,0.9,0.33,1,tree,lasso,110.93848330628626,0.6272,0.5135360284316813,"{'branching': ['V1.8'], 'leaves': [{0: 0.0, 1: 1.0}, {0: 1.0, 1: 0.0}]}"
4,0.9,0.33,1,log,linear,110.93848330628626,0.6272,0.5135360284316813,"{'branching': ['V1.8'], 'leaves': [{0: 0.0, 1: 1.0}, {0: 1.0, 1: 0.0}]}"
4,0.9,0.33,1,log,lasso,167.73244173733178,0.5663,0.5078566325885799,"{'branching': ['V2.3'], 'leaves': [{0: 1.0, 1: 0.0}, {0: 1.1102230246251565e-16, 1: 1.0}]}"
4,0.9,0.34,1,tree,linear,110.9384833062852,0.6272,0.5135360284316816,"{'branching': ['V1.8'], 'leaves': [{0: 0.0, 1: 1.0000000000000002}, {0: 1.0000000000000002, 1: 0.0}]}"
4,0.9,0.34,1,tree,lasso,110.93848330628626,0.6272,0.5135360284316813,"{'branching': ['V1.8'], 'leaves': [{0: 0.0, 1: 1.0}, {0: 1.0, 1: 0.0}]}"
4,0.9,0.34,1,log,linear,110.93848330628626,0.6272,0.5135360284316813,"{'branching': ['V1.8'], 'leaves': [{0: 0.0, 1: 1.0}, {0: 1.0, 1: 0.0}]}"
4,0.9,0.34,1,log,lasso,167.7324417373319,0.5663,0.5078566325885799,"{'branching': ['V2.3'], 'leaves': [{0: 1.0, 1: 0.0}, {0: 0.0, 1: 1.0}]}"
4,0.9,0.35,1,tree,linear,110.93848330628626,0.6272,0.5135360284316813,"{'branching': ['V1.8'], 'leaves': [{0: 0.0, 1: 1.0}, {0: 1.0, 1: 0.0}]}"
4,0.9,0.35,1,tree,lasso,110.93848330628626,0.6272,0.5135360284316813,"{'branching': ['V1.8'], 'leaves': [{0: 0.0, 1: 1.0}, {0: 1.0, 1: 0.0}]}"
4,0.9,0.35,1,log,linear,110.93848330628626,0.6272,0.5135360284316813,"{'branching': ['V1.8'], 'leaves': [{0: 0.0, 1: 1.0}, {0: 1.0, 1: 0.0}]}"
4,0.9,0.35,1,log,lasso,167.7324417373319,0.5663,0.5078566325885799,"{'branching': ['V2.3'], 'leaves': [{0: 1.0, 1: 0.0}, {0: 0.0, 1: 1.0}]}"
4,0.9,0.36,1,tree,linear,110.93848330628626,0.6272,0.5135360284316813,"{'branching': ['V1.8'], 'leaves': [{0: 0.0, 1: 1.0}, {0: 1.0, 1: 0.0}]}"
4,0.9,0.36,1,tree,lasso,110.93848330628626,0.6272,0.5135360284316813,"{'branching': ['V1.8'], 'leaves': [{0: 0.0, 1: 1.0}, {0: 1.0, 1: 0.0}]}"
4,0.9,0.36,1,log,linear,110.93848330628644,0.6272,0.5135360284316813,"{'branching': ['V1.8'], 'leaves': [{0: 1.2212453270876722e-15, 1: 0.9999999999999988}, {0: 1.0, 1: 0.0}]}"
4,0.9,0.36,1,log,lasso,167.7324417373319,0.5663,0.5078566325885799,"{'branching': ['V2.3'], 'leaves': [{0: 1.0, 1: 0.0}, {0: 0.0, 1: 1.0}]}"
4,0.9,0.37,1,tree,linear,110.93848330628626,0.6272,0.5135360284316813,"{'branching': ['V1.8'], 'leaves': [{0: 0.0, 1: 1.0}, {0: 1.0, 1: 0.0}]}"
4,0.9,0.37,1,tree,lasso,110.93848330628626,0.6272,0.5135360284316813,"{'branching': ['V1.8'], 'leaves': [{0: 0.0, 1: 1.0}, {0: 1.0, 1: 0.0}]}"
4,0.9,0.37,1,log,linear,110.93848330628626,0.6272,0.5135360284316813,"{'branching': ['V1.8'], 'leaves': [{0: 0.0, 1: 1.0}, {0: 1.0, 1: 0.0}]}"
4,0.9,0.37,1,log,lasso,167.73244173733212,0.5663,0.5078566325885799,"{'branching': ['V2.3'], 'leaves': [{0: 1.0, 1: 0.0}, {0: 0.0, 1: 0.9999999999999999}]}"
4,0.9,0.38,1,tree,linear,110.93848330628624,0.6272,0.5135360284316813,"{'branching': ['V1.8'], 'leaves': [{0: 5.551115123125783e-17, 1: 1.0}, {0: 1.0, 1: 5.551115123125783e-17}]}"
4,0.9,0.38,1,tree,lasso,110.93848330628626,0.6272,0.5135360284316813,"{'branching': ['V1.8'], 'leaves': [{0: 0.0, 1: 1.0}, {0: 1.0, 1: 0.0}]}"
4,0.9,0.38,1,log,linear,110.9384833062866,0.6272,0.5135360284316812,"{'branching': ['V1.8'], 'leaves': [{0: 1.1102230246251565e-16, 1: 0.9999999999999998}, {0: 0.9999999999999998, 1: 1.1102230246251565e-16}]}"
4,0.9,0.38,1,log,lasso,167.73244173733275,0.5663,0.5078566325885798,"{'branching': ['V2.3'], 'leaves': [{0: 0.9999999999999998, 1: 0.0}, {0: 2.220446049250313e-16, 1: 0.9999999999999998}]}"
4,0.9,0.39,1,tree,linear,110.93848330628626,0.6272,0.5135360284316813,"{'branching': ['V1.8'], 'leaves': [{0: 0.0, 1: 1.0}, {0: 1.0, 1: 0.0}]}"
4,0.9,0.39,1,tree,lasso,110.93848330628626,0.6272,0.5135360284316813,"{'branching': ['V1.8'], 'leaves': [{0: 0.0, 1: 1.0}, {0: 1.0, 1: 0.0}]}"
4,0.9,0.39,1,log,linear,110.93848330628626,0.6272,0.5135360284316813,"{'branching': ['V1.8'], 'leaves': [{0: 0.0, 1: 1.0}, {0: 1.0, 1: 0.0}]}"
4,0.9,0.39,1,log,lasso,167.7324417373319,0.5663,0.5078566325885799,"{'branching': ['V2.3'], 'leaves': [{0: 1.0, 1: 0.0}, {0: 0.0, 1: 1.0}]}"
4,0.9,0.4,1,tree,linear,110.93848330628626,0.6272,0.5135360284316813,"{'branching': ['V1.8'], 'leaves': [{0: 0.0, 1: 1.0}, {0: 1.0, 1: 0.0}]}"
4,0.9,0.4,1,tree,lasso,110.93848330628626,0.6272,0.5135360284316813,"{'branching': ['V1.8'], 'leaves': [{0: 0.0, 1: 1.0}, {0: 1.0, 1: 0.0}]}"
4,0.9,0.4,1,log,linear,110.93848330628626,0.6272,0.5135360284316813,"{'branching': ['V1.8'], 'leaves': [{0: 0.0, 1: 1.0}, {0: 1.0, 1: 0.0}]}"
4,0.9,0.4,1,log,lasso,167.7324417373319,0.5663,0.5078566325885799,"{'branching': ['V2.3'], 'leaves': [{0: 1.0, 1: 0.0}, {0: 0.0, 1: 1.0}]}"
5,0.9,0.05,1,tree,linear,96.66755775323163,0.7033,0.5025302843613653,"{'branching': ['V1.9'], 'leaves': [{0: 0.5192307692307692, 1: 0.48076923076923084}, {0: 1.0, 1: 0.0}]}"
5,0.9,0.05,1,tree,lasso,96.66755775323163,0.7044,0.5025302843613653,"{'branching': ['V1.9'], 'leaves': [{0: 0.5192307692307692, 1: 0.48076923076923084}, {0: 1.0, 1: 0.0}]}"
5,0.9,0.05,1,log,linear,153.76795901095062,0.6259,0.4968202442355925,"{'branching': ['V2.9'], 'leaves': [{0: 0.5614035087719298, 1: 0.4385964912280702}, {0: 1.0, 1: 0.0}]}"
5,0.9,0.05,1,log,lasso,128.73533649513524,0.6567,0.4993235064871742,"{'branching': ['V1.3'], 'leaves': [{0: 1.0, 1: 0.0}, {0: 1.0, 1: 0.0}]}"
5,0.9,0.06,1,tree,linear,90.25400200485171,0.7153,0.5031716399362023,"{'branching': ['V1.9'], 'leaves': [{0: 0.423076923076923, 1: 0.5769230769230769}, {0: 0.9999999999999999, 1: 0.0}]}"
5,0.9,0.06,1,tree,lasso,90.25400200485096,0.714,0.5031716399362024,"{'branching': ['V1.9'], 'leaves': [{0: 0.4230769230769231, 1: 0.5769230769230769}, {0: 1.0, 1: 0.0}]}"
5,0.9,0.06,1,log,linear,158.77448351411363,0.6199,0.4963195917852764,"{'branching': ['V2.9'], 'leaves': [{0: 0.4736842105263158, 1: 0.5263157894736842}, {0: 1.0, 1: 0.0}]}"
5,0.9,0.06,1,log,lasso,128.73533649513524,0.6567,0.4993235064871742,"{'branching': ['V1.3'], 'leaves': [{0: 1.0, 1: 0.0}, {0: 1.0, 1: 0.0}]}"
5,0.9,0.07,1,tree,linear,83.84044625647019,0.7241,0.5038129955110412,"{'branching': ['V1.9'], 'leaves': [{0: 0.3269230769230769, 1: 0.6730769230769231}, {0: 1.0, 1: 0.0}]}"
5,0.9,0.07,1,tree,lasso,83.84044625647022,0.7226,0.5038129955110412,"{'branching': ['V1.9'], 'leaves': [{0: 0.32692307692307687, 1: 0.6730769230769231}, {0: 1.0, 1: 0.0}]}"
5,0.9,0.07,1,log,linear,163.7810080172767,0.6125,0.4958189393349596,"{'branching': ['V2.9'], 'leaves': [{0: 0.38596491228070184, 1: 0.6140350877192982}, {0: 1.0, 1: 0.0}]}"
5,0.9,0.07,1,log,lasso,128.73533649513524,0.6567,0.4993235064871742,"{'branching': ['V1.1'], 'leaves': [{0: 1.0, 1: 0.0}, {0: 1.0, 1: 0.0}]}"
5,0.9,0.08,1,tree,linear,77.42689050808947,0.7336,0.5044543510858782,"{'branching': ['V1.9'], 'leaves': [{0: 0.2307692307692309, 1: 0.7692307692307692}, {0: 1.0, 1: 0.0}]}"
5,0.9,0.08,1,tree,lasso,77.42689050808954,0.7329,0.5044543510858782,"{'branching': ['V1.9'], 'leaves': [{0: 0.23076923076923078, 1: 0.7692307692307692}, {0: 1.0, 1: 0.0}]}"
5,0.9,0.08,1,log,linear,168.78753252043984,0.6053,0.495318286884643,"{'branching': ['V2.9'], 'leaves': [{0: 0.29824561403508776, 1: 0.7017543859649122}, {0: 1.0, 1: 0.0}]}"
5,0.9,0.08,1,log,lasso,128.73533649513524,0.6567,0.4993235064871742,"{'branching': ['V1.3'], 'leaves': [{0: 1.0, 1: 0.0}, {0: 1.0, 1: 0.0}]}"
5,0.9,0.09,1,tree,linear,71.01333475970877,0.7424,0.5050957066607173,"{'branching': ['V1.9'], 'leaves': [{0: 0.1346153846153846, 1: 0.8653846153846154}, {0: 1.0, 1: 0.0}]}"
5,0.9,0.09,1,tree,lasso,71.01333475970877,0.7444,0.5050957066607173,"{'branching': ['V1.9'], 'leaves': [{0: 0.1346153846153846, 1: 0.8653846153846154}, {0: 1.0, 1: 0.0}]}"
5,0.9,0.09,1,log,linear,173.7940570236029,0.6017,0.4948176344343278,"{'branching': ['V2.9'], 'leaves': [{0: 0.21052631578947367, 1: 0.7894736842105263}, {0: 1.0, 1: 0.0}]}"
5,0.9,0.09,1,log,lasso,128.73533649513524,0.6567,0.4993235064871742,"{'branching': ['V1.3'], 'leaves': [{0: 1.0, 1: 0.0}, {0: 1.0, 1: 0.0}]}"
5,0.9,0.1,1,tree,linear,64.59977901132805,0.7522,0.5057370622355554,"{'branching': ['V1.9'], 'leaves': [{0: 0.038461538461538464, 1: 0.9615384615384616}, {0: 1.0, 1: 0.0}]}"
5,0.9,0.1,1,tree,lasso,64.59977901132805,0.7514,0.5057370622355554,"{'branching': ['V1.9'], 'leaves': [{0: 0.038461538461538464, 1: 0.9615384615384616}, {0: 1.0, 1: 0.0}]}"
5,0.9,0.1,1,log,linear,178.80058152676594,0.5949,0.4943169819840102,"{'branching': ['V2.9'], 'leaves': [{0: 0.12280701754385959, 1: 0.8771929824561404}, {0: 1.0, 1: 0.0}]}"
5,0.9,0.1,1,log,lasso,128.73533649513524,0.6567,0.4993235064871742,"{'branching': ['V1.1'], 'leaves': [{0: 1.0, 1: 0.0}, {0: 1.0, 1: 0.0}]}"
5,0.9,0.11,1,tree,linear,62.034356711975775,0.756,0.5059936044654905,"{'branching': ['V1.9'], 'leaves': [{0: 0.0, 1: 1.0}, {0: 1.0, 1: 0.0}]}"
5,0.9,0.11,1,tree,lasso,62.034356711975775,0.756,0.5059936044654905,"{'branching': ['V1.9'], 'leaves': [{0: 0.0, 1: 1.0}, {0: 1.0, 1: 0.0}]}"
5,0.9,0.11,1,log,linear,183.80710602992903,0.5876,0.4938163295336934,"{'branching': ['V2.9'], 'leaves': [{0: 0.03508771929824561, 1: 0.9649122807017544}, {0: 1.0, 1: 0.0}]}"
5,0.9,0.11,1,log,lasso,128.73533649513524,0.6567,0.4993235064871742,"{'branching': ['V1.3'], 'leaves': [{0: 1.0, 1: 0.0}, {0: 1.0, 1: 0.0}]}"
5,0.9,0.12,1,tree,linear,62.034356711975775,0.756,0.5059936044654905,"{'branching': ['V1.9'], 'leaves': [{0: 0.0, 1: 1.0}, {0: 1.0, 1: 0.0}]}"
5,0.9,0.12,1,tree,lasso,71.12894261317092,0.7622,0.5050841458753716,"{'branching': ['V1.8'], 'leaves': [{0: 0.3939393939393939, 1: 0.6060606060606061}, {0: 1.0, 1: 0.0}]}"
5,0.9,0.12,1,log,linear,185.80971583119424,0.5865,0.4936160685535674,"{'branching': ['V2.9'], 'leaves': [{0: 0.0, 1: 1.0}, {0: 1.0, 1: 0.0}]}"
5,0.9,0.12,1,log,lasso,128.73533649513524,0.6567,0.4993235064871742,"{'branching': ['V1.1'], 'leaves': [{0: 1.0, 1: 0.0}, {0: 1.0, 1: 0.0}]}"
5,0.9,0.13,1,tree,linear,66.3284097896739,0.7712,0.5055641991577203,"{'branching': ['V1.8'], 'leaves': [{0: 0.3434343434343434, 1: 0.6565656565656566}, {0: 1.0, 1: 0.0}]}"
5,0.9,0.13,1,tree,lasso,66.3284097896739,0.7707,0.5055641991577203,"{'branching': ['V1.8'], 'leaves': [{0: 0.3434343434343434, 1: 0.6565656565656566}, {0: 1.0, 1: 0.0}]}"
5,0.9,0.13,1,log,linear,185.80971583119424,0.5865,0.4936160685535674,"{'branching': ['V2.9'], 'leaves': [{0: 0.0, 1: 1.0}, {0: 1.0, 1: 0.0}]}"
5,0.9,0.13,1,log,lasso,128.73533649513524,0.6567,0.4993235064871742,"{'branching': ['V1.3'], 'leaves': [{0: 1.0, 1: 0.0}, {0: 1.0, 1: 0.0}]}"
5,0.9,0.14,1,tree,linear,61.52787696617687,0.7766,0.5060442524400706,"{'branching': ['V1.8'], 'leaves': [{0: 0.29292929292929293, 1: 0.7070707070707071}, {0: 1.0, 1: 0.0}]}"
5,0.9,0.14,1,tree,lasso,61.52787696617687,0.7787,0.5060442524400706,"{'branching': ['V1.8'], 'leaves': [{0: 0.29292929292929293, 1: 0.7070707070707071}, {0: 1.0, 1: 0.0}]}"
5,0.9,0.14,1,log,linear,185.80971583119424,0.5865,0.4936160685535674,"{'branching': ['V2.9'], 'leaves': [{0: 0.0, 1: 1.0}, {0: 1.0, 1: 0.0}]}"
5,0.9,0.14,1,log,lasso,128.73533649513524,0.6567,0.4993235064871742,"{'branching': ['V1.1'], 'leaves': [{0: 1.0, 1: 0.0}, {0: 1.0, 1: 0.0}]}"
5,0.9,0.15,1,tree,linear,56.72734414267984,0.7843,0.5065243057224189,"{'branching': ['V1.8'], 'leaves': [{0: 0.24242424242424243, 1: 0.7575757575757576}, {0: 1.0, 1: 0.0}]}"
5,0.9,0.15,1,tree,lasso,56.72734414267984,0.7873,0.5065243057224189,"{'branching': ['V1.8'], 'leaves': [{0: 0.24242424242424243, 1: 0.7575757575757576}, {0: 1.0, 1: 0.0}]}"
5,0.9,0.15,1,log,linear,185.80971583119424,0.5865,0.4936160685535674,"{'branching': ['V2.9'], 'leaves': [{0: 0.0, 1: 1.0}, {0: 1.0, 1: 0.0}]}"
5,0.9,0.15,1,log,lasso,128.73533649513524,0.6567,0.4993235064871742,"{'branching': ['V1.1'], 'leaves': [{0: 1.0, 1: 0.0}, {0: 1.0, 1: 0.0}]}"
5,0.9,0.16,1,tree,linear,51.926811319182846,0.7944,0.5070043590047699,"{'branching': ['V1.8'], 'leaves': [{0: 0.1919191919191919, 1: 0.8080808080808081}, {0: 1.0, 1: 0.0}]}"
5,0.9,0.16,1,tree,lasso,51.926811319182846,0.7959,0.5070043590047699,"{'branching': ['V1.8'], 'leaves': [{0: 0.1919191919191919, 1: 0.8080808080808081}, {0: 1.0, 1: 0.0}]}"
5,0.9,0.16,1,log,linear,185.80971583119424,0.5865,0.4936160685535674,"{'branching': ['V2.9'], 'leaves': [{0: 0.0, 1: 1.0}, {0: 1.0, 1: 0.0}]}"
5,0.9,0.16,1,log,lasso,128.73533649513524,0.6567,0.4993235064871742,"{'branching': ['V1.3'], 'leaves': [{0: 1.0, 1: 0.0}, {0: 1.0, 1: 0.0}]}"
5,0.9,0.17,1,tree,linear,47.12627849568579,0.8007,0.5074844122871185,"{'branching': ['V1.8'], 'leaves': [{0: 0.14141414141414144, 1: 0.8585858585858586}, {0: 1.0, 1: 0.0}]}"
5,0.9,0.17,1,tree,lasso,47.126278495685824,0.8042,0.5074844122871185,"{'branching': ['V1.8'], 'leaves': [{0: 0.1414141414141414, 1: 0.8585858585858586}, {0: 1.0, 1: 0.0}]}"
5,0.9,0.17,1,log,linear,203.4932106340711,0.5615,0.4918477190732782,"{'branching': ['V2.8'], 'leaves': [{0: 0.2201834862385321, 1: 0.7798165137614679}, {0: 1.0, 1: 0.0}]}"
5,0.9,0.17,1,log,lasso,128.73533649513524,0.6567,0.4993235064871742,"{'branching': ['V1.1'], 'leaves': [{0: 1.0, 1: 0.0}, {0: 1.0, 1: 0.0}]}"
5,0.9,0.18,1,tree,linear,42.3257456721888,0.8114,0.507964465569468,"{'branching': ['V1.8'], 'leaves': [{0: 0.09090909090909091, 1: 0.9090909090909091}, {0: 1.0, 1: 0.0}]}"
5,0.9,0.18,1,tree,lasso,42.3257456721888,0.8115,0.507964465569468,"{'branching': ['V1.8'], 'leaves': [{0: 0.09090909090909091, 1: 0.9090909090909091}, {0: 1.0, 1: 0.0}]}"
5,0.9,0.18,1,log,linear,207.89073264224385,0.5557,0.4914079668724626,"{'branching': ['V2.8'], 'leaves': [{0: 0.1743119266055046, 1: 0.8256880733944953}, {0: 1.0, 1: 0.0}]}"
5,0.9,0.18,1,log,lasso,128.73533649513524,0.6567,0.4993235064871742,"{'branching': ['V1.3'], 'leaves': [{0: 1.0, 1: 0.0}, {0: 1.0, 1: 0.0}]}"
5,0.9,0.19,1,tree,linear,37.525212848691645,0.8199,0.5084445188518176,"{'branching': ['V1.8'], 'leaves': [{0: 0.0404040404040404, 1: 0.9595959595959597}, {0: 1.0, 1: 0.0}]}"
5,0.9,0.19,1,tree,lasso,37.52521284869174,0.8201,0.5084445188518176,"{'branching': ['V1.8'], 'leaves': [{0: 0.04040404040404044, 1: 0.9595959595959596}, {0: 1.0, 1: 0.0}]}"
5,0.9,0.19,1,log,linear,212.28825465041643,0.5474,0.4909682146716449,"{'branching': ['V2.8'], 'leaves': [{0: 0.12844036697247707, 1: 0.8715596330275229}, {0: 1.0, 1: 0.0}]}"
5,0.9,0.19,1,log,lasso,128.73533649513524,0.6567,0.4993235064871742,"{'branching': ['V1.1'], 'leaves': [{0: 1.0, 1: 0.0}, {0: 1.0, 1: 0.0}]}"
5,0.9,0.2,1,tree,linear,33.68478658989411,0.8274,0.5088285614776984,"{'branching': ['V1.8'], 'leaves': [{0: 0.0, 1: 1.0}, {0: 1.0, 1: 0.0}]}"
5,0.9,0.2,1,tree,lasso,33.68478658989411,0.8274,0.5088285614776984,"{'branching': ['V1.8'], 'leaves': [{0: 0.0, 1: 1.0}, {0: 1.0, 1: 0.0}]}"
5,0.9,0.2,1,log,linear,216.68577665858908,0.544,0.490528462470827,"{'branching': ['V2.8'], 'leaves': [{0: 0.08256880733944955, 1: 0.9174311926605505}, {0: 1.0, 1: 0.0}]}"
5,0.9,0.2,1,log,lasso,128.73533649513524,0.6567,0.4993235064871742,"{'branching': ['V1.1'], 'leaves': [{0: 1.0, 1: 0.0}, {0: 1.0, 1: 0.0}]}"
5,0.9,0.21,1,tree,linear,33.68478658989411,0.8274,0.5088285614776984,"{'branching': ['V1.8'], 'leaves': [{0: 0.0, 1: 1.0}, {0: 1.0, 1: 0.0}]}"
5,0.9,0.21,1,tree,lasso,33.68478658989411,0.8274,0.5088285614776984,"{'branching': ['V1.8'], 'leaves': [{0: 0.0, 1: 1.0}, {0: 1.0, 1: 0.0}]}"
5,0.9,0.21,1,log,linear,221.08329866676183,0.5369,0.4900887102700102,"{'branching': ['V2.8'], 'leaves': [{0: 0.03669724770642202, 1: 0.963302752293578}, {0: 1.0, 1: 0.0}]}"
5,0.9,0.21,1,log,lasso,128.73533649513524,0.6567,0.4993235064871742,"{'branching': ['V1.3'], 'leaves': [{0: 1.0, 1: 0.0}, {0: 1.0, 1: 0.0}]}"
5,0.9,0.22,1,tree,linear,33.68478658989411,0.8274,0.5088285614776984,"{'branching': ['V1.8'], 'leaves': [{0: 0.0, 1: 1.0}, {0: 1.0, 1: 0.0}]}"
5,0.9,0.22,1,tree,lasso,33.68478658989411,0.8274,0.5088285614776984,"{'branching': ['V1.8'], 'leaves': [{0: 0.0, 1: 1.0}, {0: 1.0, 1: 0.0}]}"
5,0.9,0.22,1,log,linear,224.60131627330003,0.5329,0.4897369085093561,"{'branching': ['V2.8'], 'leaves': [{0: 0.0, 1: 1.0}, {0: 1.0, 1: 0.0}]}"
5,0.9,0.22,1,log,lasso,128.73533649513524,0.6567,0.4993235064871742,"{'branching': ['V1.3'], 'leaves': [{0: 1.0, 1: 0.0}, {0: 1.0, 1: 0.0}]}"
5,0.9,0.23,1,tree,linear,33.68478658989411,0.8274,0.5088285614776984,"{'branching': ['V1.8'], 'leaves': [{0: 0.0, 1: 1.0}, {0: 1.0, 1: 0.0}]}"
5,0.9,0.23,1,tree,lasso,69.5052386946457,0.7642,0.5052465162672222,"{'branching': ['V1.6'], 'leaves': [{0: 0.4191919191919194, 1: 0.5808080808080807}, {0: 1.0, 1: 0.0}]}"
5,0.9,0.23,1,log,linear,224.60131627330003,0.5329,0.4897369085093561,"{'branching': ['V2.8'], 'leaves': [{0: 0.0, 1: 1.0}, {0: 1.0, 1: 0.0}]}"
5,0.9,0.23,1,log,lasso,128.73533649513524,0.6567,0.4993235064871742,"{'branching': ['V1.3'], 'leaves': [{0: 1.0, 1: 0.0}, {0: 1.0, 1: 0.0}]}"
5,0.9,0.24,1,tree,linear,33.68478658989411,0.8274,0.5088285614776984,"{'branching': ['V1.8'], 'leaves': [{0: 0.0, 1: 1.0}, {0: 1.0, 1: 0.0}]}"
5,0.9,0.24,1,tree,lasso,66.93001705114627,0.776,0.5055040384315749,"{'branching': ['V1.6'], 'leaves': [{0: 0.3939393939393939, 1: 0.6060606060606061}, {0: 1.0, 1: 0.0}]}"
5,0.9,0.24,1,log,linear,224.60131627330003,0.5329,0.4897369085093561,"{'branching': ['V2.8'], 'leaves': [{0: 0.0, 1: 1.0}, {0: 1.0, 1: 0.0}]}"
5,0.9,0.24,1,log,lasso,128.73533649513524,0.6567,0.4993235064871742,"{'branching': ['V1.1'], 'leaves': [{0: 1.0, 1: 0.0}, {0: 1.0, 1: 0.0}]}"
5,0.9,0.25,1,tree,linear,33.68478658989411,0.8274,0.5088285614776984,"{'branching': ['V1.8'], 'leaves': [{0: 0.0, 1: 1.0}, {0: 1.0, 1: 0.0}]}"
5,0.9,0.25,1,tree,lasso,64.35479540764683,0.7732,0.5057615605959238,"{'branching': ['V1.6'], 'leaves': [{0: 0.3686868686868687, 1: 0.6313131313131313}, {0: 1.0, 1: 0.0}]}"
5,0.9,0.25,1,log,linear,224.60131627330003,0.5329,0.4897369085093561,"{'branching': ['V2.8'], 'leaves': [{0: 0.0, 1: 1.0}, {0: 1.0, 1: 0.0}]}"
5,0.9,0.25,1,log,lasso,128.73533649513524,0.6567,0.4993235064871742,"{'branching': ['V1.3'], 'leaves': [{0: 1.0, 1: 0.0}, {0: 1.0, 1: 0.0}]}"
5,0.9,0.26,1,tree,linear,33.68478658989411,0.8274,0.5088285614776984,"{'branching': ['V1.8'], 'leaves': [{0: 0.0, 1: 1.0}, {0: 1.0, 1: 0.0}]}"
5,0.9,0.26,1,tree,lasso,61.779573764147074,0.7829,0.5060190827602747,"{'branching': ['V1.6'], 'leaves': [{0: 0.3434343434343436, 1: 0.6565656565656565}, {0: 1.0, 1: 0.0}]}"
5,0.9,0.26,1,log,linear,224.60131627330003,0.5329,0.4897369085093561,"{'branching': ['V2.8'], 'leaves': [{0: 0.0, 1: 1.0}, {0: 1.0, 1: 0.0}]}"
5,0.9,0.26,1,log,lasso,128.73533649513524,0.6567,0.4993235064871742,"{'branching': ['V1.1'], 'leaves': [{0: 1.0, 1: 0.0}, {0: 1.0, 1: 0.0}]}"
5,0.9,0.27,1,tree,linear,33.68478658989411,0.8274,0.5088285614776984,"{'branching': ['V1.8'], 'leaves': [{0: 0.0, 1: 1.0}, {0: 1.0, 1: 0.0}]}"
5,0.9,0.27,1,tree,lasso,59.204352120647656,0.7879,0.5062766049246227,"{'branching': ['V1.6'], 'leaves': [{0: 0.31818181818181834, 1: 0.6818181818181817}, {0: 1.0, 1: 0.0}]}"
5,0.9,0.27,1,log,linear,224.60131627330003,0.5329,0.4897369085093561,"{'branching': ['V2.8'], 'leaves': [{0: 0.0, 1: 1.0}, {0: 1.0, 1: 0.0}]}"
5,0.9,0.27,1,log,lasso,128.73533649513524,0.6567,0.4993235064871742,"{'branching': ['V1.3'], 'leaves': [{0: 1.0, 1: 0.0}, {0: 1.0, 1: 0.0}]}"
5,0.9,0.28,1,tree,linear,33.68478658989411,0.8274,0.5088285614776984,"{'branching': ['V1.8'], 'leaves': [{0: 0.0, 1: 1.0}, {0: 1.0, 1: 0.0}]}"
5,0.9,0.28,1,tree,lasso,56.62913047714835,0.787,0.506534127088974,"{'branching': ['V1.6'], 'leaves': [{0: 0.29292929292929293, 1: 0.707070707070707}, {0: 1.0, 1: 0.0}]}"
5,0.9,0.28,1,log,linear,224.60131627330009,0.5329,0.4897369085093561,"{'branching': ['V2.8'], 'leaves': [{0: 0.0, 1: 1.0}, {0: 0.9999999999999993, 1: 6.661338147750939e-16}]}"
5,0.9,0.28,1,log,lasso,128.73533649513524,0.6567,0.4993235064871742,"{'branching': ['V1.3'], 'leaves': [{0: 1.0, 1: 0.0}, {0: 1.0, 1: 0.0}]}"
5,0.9,0.29,1,tree,linear,29.23239567689929,0.8504,0.5092738005689962,"{'branching': ['V1.7'], 'leaves': [{0: 0.05844155844155844, 1: 0.9415584415584416}, {0: 1.0, 1: 0.0}]}"
5,0.9,0.29,1,tree,lasso,54.0539088336488,0.7953,0.5067916492533232,"{'branching': ['V1.6'], 'leaves': [{0: 0.2676767676767676, 1: 0.7323232323232323}, {0: 1.0, 1: 0.0}]}"
5,0.9,0.29,1,log,linear,224.60131627330003,0.5329,0.4897369085093561,"{'branching': ['V2.8'], 'leaves': [{0: 0.0, 1: 1.0}, {0: 1.0, 1: 0.0}]}"
5,0.9,0.29,1,log,lasso,128.73533649513524,0.6567,0.4993235064871742,"{'branching': ['V1.3'], 'leaves': [{0: 1.0, 1: 0.0}, {0: 1.0, 1: 0.0}]}"
5,0.9,0.3,1,tree,linear,25.801259786615358,0.8555,0.5096169141580276,"{'branching': ['V1.7'], 'leaves': [{0: 0.025974025974025983, 1: 0.974025974025974}, {0: 1.0, 1: 0.0}]}"
5,0.9,0.3,1,tree,lasso,51.47868719014957,0.8033,0.5070491714176727,"{'branching': ['V1.6'], 'leaves': [{0: 0.24242424242424182, 1: 0.7575757575757579}, {0: 1.0, 1: 0.0}]}"
5,0.9,0.3,1,log,linear,224.60131627330003,0.5329,0.4897369085093561,"{'branching': ['V2.8'], 'leaves': [{0: 0.0, 1: 1.0}, {0: 1.0, 1: 0.0}]}"
5,0.9,0.3,1,log,lasso,128.73533649513524,0.6567,0.4993235064871742,"{'branching': ['V1.1'], 'leaves': [{0: 1.0, 1: 0.0}, {0: 1.0, 1: 0.0}]}"
5,0.9,0.31,1,tree,linear,23.05635107438816,0.8608,0.5098914050292481,"{'branching': ['V1.7'], 'leaves': [{0: 0.0, 1: 1.0}, {0: 1.0, 1: 0.0}]}"
5,0.9,0.31,1,tree,lasso,48.90346554664934,0.805,0.5073066935820223,"{'branching': ['V1.6'], 'leaves': [{0: 0.21717171717171718, 1: 0.7828282828282829}, {0: 1.0, 1: 0.0}]}"
5,0.9,0.31,1,log,linear,224.60131627330003,0.5329,0.4897369085093561,"{'branching': ['V2.8'], 'leaves': [{0: 0.0, 1: 1.0}, {0: 1.0, 1: 0.0}]}"
5,0.9,0.31,1,log,lasso,128.73533649513524,0.6567,0.4993235064871742,"{'branching': ['V1.3'], 'leaves': [{0: 1.0, 1: 0.0}, {0: 1.0, 1: 0.0}]}"
5,0.9,0.32,1,tree,linear,23.05635107438816,0.8608,0.5098914050292481,"{'branching': ['V1.7'], 'leaves': [{0: 0.0, 1: 1.0}, {0: 1.0, 1: 0.0}]}"
5,0.9,0.32,1,tree,lasso,46.32824390314994,0.8085,0.5075642157463738,"{'branching': ['V1.6'], 'leaves': [{0: 0.19191919191919193, 1: 0.8080808080808081}, {0: 1.0, 1: 0.0}]}"
5,0.9,0.32,1,log,linear,224.60131627330003,0.5329,0.4897369085093561,"{'branching': ['V2.8'], 'leaves': [{0: 0.0, 1: 1.0}, {0: 1.0, 1: 0.0}]}"
5,0.9,0.32,1,log,lasso,128.73533649513524,0.6567,0.4993235064871742,"{'branching': ['V1.1'], 'leaves': [{0: 1.0, 1: 0.0}, {0: 1.0, 1: 0.0}]}"
5,0.9,0.33,1,tree,linear,23.05635107438816,0.8608,0.5098914050292481,"{'branching': ['V1.7'], 'leaves': [{0: 0.0, 1: 1.0}, {0: 1.0, 1: 0.0}]}"
5,0.9,0.33,1,tree,lasso,43.75302225965039,0.8158,0.5078217379107224,"{'branching': ['V1.6'], 'leaves': [{0: 0.16666666666666663, 1: 0.8333333333333334}, {0: 1.0, 1: 0.0}]}"
5,0.9,0.33,1,log,linear,224.60131627330003,0.5329,0.4897369085093561,"{'branching': ['V2.8'], 'leaves': [{0: 0.0, 1: 1.0}, {0: 1.0, 1: 0.0}]}"
5,0.9,0.33,1,log,lasso,128.73533649513524,0.6567,0.4993235064871742,"{'branching': ['V1.1'], 'leaves': [{0: 1.0, 1: 0.0}, {0: 1.0, 1: 0.0}]}"
5,0.9,0.34,1,tree,linear,23.05635107438816,0.8608,0.5098914050292481,"{'branching': ['V1.7'], 'leaves': [{0: 0.0, 1: 1.0}, {0: 1.0, 1: 0.0}]}"
5,0.9,0.34,1,tree,lasso,41.17780061615085,0.8208,0.5080792600750714,"{'branching': ['V1.6'], 'leaves': [{0: 0.14141414141414144, 1: 0.8585858585858586}, {0: 1.0, 1: 0.0}]}"
5,0.9,0.34,1,log,linear,224.60131627330003,0.5329,0.4897369085093561,"{'branching': ['V2.8'], 'leaves': [{0: 0.0, 1: 1.0}, {0: 1.0, 1: 0.0}]}"
5,0.9,0.34,1,log,lasso,128.73533649513524,0.6567,0.4993235064871742,"{'branching': ['V1.1'], 'leaves': [{0: 1.0, 1: 0.0}, {0: 1.0, 1: 0.0}]}"
5,0.9,0.35,1,tree,linear,23.05635107438816,0.8608,0.5098914050292481,"{'branching': ['V1.7'], 'leaves': [{0: 0.0, 1: 1.0}, {0: 1.0, 1: 0.0}]}"
5,0.9,0.35,1,tree,lasso,38.60257897265125,0.8257,0.5083367822394215,"{'branching': ['V1.6'], 'leaves': [{0: 0.11616161616161616, 1: 0.8838383838383839}, {0: 1.0, 1: 0.0}]}"
5,0.9,0.35,1,log,linear,224.60131627330003,0.5329,0.4897369085093561,"{'branching': ['V2.8'], 'leaves': [{0: 0.0, 1: 1.0}, {0: 1.0, 1: 0.0}]}"
5,0.9,0.35,1,log,lasso,128.73533649513524,0.6567,0.4993235064871742,"{'branching': ['V1.3'], 'leaves': [{0: 1.0, 1: 0.0}, {0: 1.0, 1: 0.0}]}"
5,0.9,0.36,1,tree,linear,36.02735732915183,0.8294,0.5085943044037707,"{'branching': ['V1.6'], 'leaves': [{0: 0.09090909090909091, 1: 0.9090909090909091}, {0: 1.0, 1: 0.0}]}"
5,0.9,0.36,1,tree,lasso,36.027357329153176,0.8282,0.5085943044037704,"{'branching': ['V1.6'], 'leaves': [{0: 0.0909090909090904, 1: 0.909090909090909}, {0: 1.0, 1: 0.0}]}"
5,0.9,0.36,1,log,linear,224.60131627330003,0.5329,0.4897369085093561,"{'branching': ['V2.8'], 'leaves': [{0: 0.0, 1: 1.0}, {0: 1.0, 1: 0.0}]}"
5,0.9,0.36,1,log,lasso,128.73533649513524,0.6567,0.4993235064871742,"{'branching': ['V1.3'], 'leaves': [{0: 1.0, 1: 0.0}, {0: 1.0, 1: 0.0}]}"
5,0.9,0.37,1,tree,linear,33.452135685652166,0.8344,0.5088518265681239,"{'branching': ['V1.6'], 'leaves': [{0: 0.06565656565656566, 1: 0.9343434343434344}, {0: 1.0, 1: 0.0}]}"
5,0.9,0.37,1,tree,lasso,33.452135685652166,0.8335,0.5088518265681239,"{'branching': ['V1.6'], 'leaves': [{0: 0.06565656565656566, 1: 0.9343434343434344}, {0: 1.0, 1: 0.0}]}"
5,0.9,0.37,1,log,linear,224.60131627330003,0.5329,0.4897369085093561,"{'branching': ['V2.8'], 'leaves': [{0: 0.0, 1: 1.0}, {0: 1.0, 1: 0.0}]}"
5,0.9,0.37,1,log,lasso,128.73533649513524,0.6567,0.4993235064871742,"{'branching': ['V1.3'], 'leaves': [{0: 1.0, 1: 0.0}, {0: 1.0, 1: 0.0}]}"
5,0.9,0.38,1,tree,linear,30.87691404215277,0.8389,0.5091093487324722,"{'branching': ['V1.6'], 'leaves': [{0: 0.04040404040404041, 1: 0.9595959595959596}, {0: 1.0, 1: 0.0}]}"
5,0.9,0.38,1,tree,lasso,30.87691404215253,0.8391,0.5091093487324722,"{'branching': ['V1.6'], 'leaves': [{0: 0.0404040404040404, 1: 0.9595959595959597}, {0: 1.0, 1: 0.0}]}"
5,0.9,0.38,1,log,linear,224.60131627330003,0.5329,0.4897369085093561,"{'branching': ['V2.8'], 'leaves': [{0: 0.0, 1: 1.0}, {0: 1.0, 1: 0.0}]}"
5,0.9,0.38,1,log,lasso,128.73533649513524,0.6567,0.4993235064871742,"{'branching': ['V1.3'], 'leaves': [{0: 1.0, 1: 0.0}, {0: 1.0, 1: 0.0}]}"
5,0.9,0.39,1,tree,linear,28.30169239865312,0.8435,0.5093668708968223,"{'branching': ['V1.6'], 'leaves': [{0: 0.015151515151515152, 1: 0.9848484848484849}, {0: 1.0, 1: 0.0}]}"
5,0.9,0.39,1,tree,lasso,28.30169239865309,0.8445,0.5093668708968223,"{'branching': ['V1.6'], 'leaves': [{0: 0.015151515151515162, 1: 0.9848484848484849}, {0: 1.0, 1: 0.0}]}"
5,0.9,0.39,1,log,linear,224.60131627330003,0.5329,0.4897369085093561,"{'branching': ['V2.8'], 'leaves': [{0: 0.0, 1: 1.0}, {0: 1.0, 1: 0.0}]}"
5,0.9,0.39,1,log,lasso,128.73533649513524,0.6567,0.4993235064871742,"{'branching': ['V1.3'], 'leaves': [{0: 1.0, 1: 0.0}, {0: 1.0, 1: 0.0}]}"
5,0.9,0.4,1,tree,linear,26.756559412553425,0.8475,0.5095213841954326,"{'branching': ['V1.6'], 'leaves': [{0: 0.0, 1: 1.0}, {0: 1.0, 1: 0.0}]}"
5,0.9,0.4,1,tree,lasso,26.756559412553464,0.8475,0.5095213841954326,"{'branching': ['V1.6'], 'leaves': [{0: 1.1102230246251565e-16, 1: 0.9999999999999999}, {0: 1.0, 1: 0.0}]}"
5,0.9,0.4,1,log,linear,224.60131627330003,0.5329,0.4897369085093561,"{'branching': ['V2.8'], 'leaves': [{0: 0.0, 1: 1.0}, {0: 1.0, 1: 0.0}]}"
5,0.9,0.4,1,log,lasso,128.73533649513524,0.6567,0.4993235064871742,"{'branching': ['V1.3'], 'leaves': [{0: 1.0, 1: 0.0}, {0: 1.0, 1: 0.0}]}"
1,0.1,1.0,1,tree,linear,28.7384888799048,0.8373,0.4929223234481531,"{'branching': ['V1.6'], 'leaves': [{0: 0.0, 1: 1.0}, {0: 1.0, 1: 0.0}]}"
1,0.1,1.0,1,tree,lasso,145.45820535710692,0.6123,0.4812503518004325,"{'branching': ['V2.5'], 'leaves': [{0: 1.0, 1: 0.0}, {0: 0.20000000000000012, 1: 0.7999999999999998}]}"
1,0.1,1.0,1,log,linear,31.90880283504473,0.8331,0.49260529205264,"{'branching': ['V1.6'], 'leaves': [{0: 0.0, 1: 1.0}, {0: 0.9868421052631579, 1: 0.013157894736842106}]}"
1,0.1,1.0,1,log,lasso,73.40414352641537,0.7515,0.4884557579835049,"{'branching': ['V1.7'], 'leaves': [{0: 0.0, 1: 1.0}, {0: 0.8498583569405099, 1: 0.15014164305949007}]}"
2,0.1,1.0,1,tree,linear,37.98101747728758,0.8115,0.4775227240140737,"{'branching': ['V1.6'], 'leaves': [{0: 0.01960784313725483, 1: 0.9803921568627452}, {0: 1.0, 1: 0.0}]}"
2,0.1,1.0,1,tree,lasso,37.98101747728757,0.8135,0.4775227240140737,"{'branching': ['V1.6'], 'leaves': [{0: 0.019607843137254832, 1: 0.9803921568627452}, {0: 1.0, 1: 0.0}]}"
2,0.1,1.0,1,log,linear,37.981017477287736,0.8111,0.4775227240140737,"{'branching': ['V1.6'], 'leaves': [{0: 0.01960784313725488, 1: 0.9803921568627451}, {0: 1.0, 1: 0.0}]}"
2,0.1,1.0,1,log,lasso,197.77843040355933,0.541,0.4615429827214462,"{'branching': ['V2.3'], 'leaves': [{0: 0.8498583569405099, 1: 0.15014164305949007}, {0: 0.0, 1: 1.0}]}"
3,0.1,1.0,1,tree,linear,93.41694843558194,0.6902,0.5139086086205825,"{'branching': ['V1.8'], 'leaves': [{0: 0.0, 1: 1.0}, {0: 1.0, 1: 0.0}]}"
3,0.1,1.0,1,tree,lasso,93.41694843558194,0.6902,0.5139086086205825,"{'branching': ['V1.8'], 'leaves': [{0: 0.0, 1: 1.0}, {0: 1.0, 1: 0.0}]}"
3,0.1,1.0,1,log,linear,93.41694843558194,0.6902,0.5139086086205825,"{'branching': ['V1.8'], 'leaves': [{0: 0.0, 1: 1.0}, {0: 1.0, 1: 0.0}]}"
3,0.1,1.0,1,log,lasso,93.4169484355817,0.6902,0.5139086086205825,"{'branching': ['V1.8'], 'leaves': [{0: 0.0, 1: 1.0000000000000002}, {0: 1.0, 1: 0.0}]}"
4,0.1,1.0,1,tree,linear,110.93848330628626,0.6272,0.5135360284316813,"{'branching': ['V1.8'], 'leaves': [{0: 0.0, 1: 1.0}, {0: 1.0, 1: 0.0}]}"
4,0.1,1.0,1,tree,lasso,264.74850019859144,0.4241,0.4981550267424524,"{'branching': ['V1.3'], 'leaves': [{0: 1.0, 1: 0.0}, {0: 1.0, 1: 0.0}]}"
4,0.1,1.0,1,log,linear,110.93848330628626,0.6272,0.5135360284316813,"{'branching': ['V1.8'], 'leaves': [{0: 0.0, 1: 1.0}, {0: 1.0, 1: 0.0}]}"
4,0.1,1.0,1,log,lasso,162.97113967719872,0.5717,0.5083327627945923,"{'branching': ['V2.5'], 'leaves': [{0: 1.0, 1: 0.0}, {0: 0.1935483870967742, 1: 0.8064516129032258}]}"
5,0.1,1.0,1,tree,linear,26.756559412553425,0.8475,0.5095213841954326,"{'branching': ['V1.6'], 'leaves': [{0: 0.0, 1: 1.0}, {0: 1.0, 1: 0.0}]}"
5,0.1,1.0,1,tree,lasso,26.756559412553425,0.8475,0.5095213841954326,"{'branching': ['V1.6'], 'leaves': [{0: 0.0, 1: 1.0}, {0: 1.0, 1: 0.0}]}"
5,0.1,1.0,1,log,linear,26.756559412553425,0.8475,0.5095213841954326,"{'branching': ['V1.6'], 'leaves': [{0: 0.0, 1: 1.0}, {0: 1.0, 1: 0.0}]}"
5,0.1,1.0,1,log,lasso,33.68478658989411,0.8274,0.5088285614776984,"{'branching': ['V1.8'], 'leaves': [{0: 0.0, 1: 1.0}, {0: 1.0, 1: 0.0}]}"
1,0.25,1.0,1,tree,linear,28.7384888799048,0.8373,0.4929223234481531,"{'branching': ['V1.6'], 'leaves': [{0: 0.0, 1: 1.0}, {0: 1.0, 1: 0.0}]}"
1,0.25,1.0,1,tree,lasso,28.7384888799048,0.8373,0.4929223234481531,"{'branching': ['V1.6'], 'leaves': [{0: 0.0, 1: 1.0}, {0: 1.0, 1: 0.0}]}"
1,0.25,1.0,1,log,linear,28.7384888799048,0.8373,0.4929223234481531,"{'branching': ['V1.6'], 'leaves': [{0: 0.0, 1: 1.0}, {0: 1.0, 1: 0.0}]}"
1,0.25,1.0,1,log,lasso,132.1545241472525,0.6337,0.4825807199214203,"{'branching': ['V2.4'], 'leaves': [{0: 0.983606557377049, 1: 0.01639344262295095}, {0: 0.0, 1: 1.0}]}"
2,0.25,1.0,1,tree,linear,37.981017477287686,0.8103,0.4775227240140737,"{'branching': ['V1.6'], 'leaves': [{0: 0.0196078431372549, 1: 0.9803921568627451}, {0: 1.0, 1: 0.0}]}"
2,0.25,1.0,1,tree,lasso,37.98101747728757,0.8112,0.4775227240140737,"{'branching': ['V1.6'], 'leaves': [{0: 0.019607843137254832, 1: 0.9803921568627452}, {0: 1.0, 1: 0.0}]}"
2,0.25,1.0,1,log,linear,37.981017477287686,0.8113,0.4775227240140737,"{'branching': ['V1.6'], 'leaves': [{0: 0.0196078431372549, 1: 0.9803921568627451}, {0: 1.0, 1: 0.0}]}"
2,0.25,1.0,1,log,lasso,37.981017477287686,0.8122,0.4775227240140737,"{'branching': ['V1.6'], 'leaves': [{0: 0.0196078431372549, 1: 0.9803921568627451}, {0: 1.0, 1: 0.0}]}"
3,0.25,1.0,1,tree,linear,93.41694843558194,0.6902,0.5139086086205825,"{'branching': ['V1.8'], 'leaves': [{0: 0.0, 1: 1.0}, {0: 1.0, 1: 0.0}]}"
3,0.25,1.0,1,tree,lasso,93.41694843558194,0.6902,0.5139086086205825,"{'branching': ['V1.8'], 'leaves': [{0: 0.0, 1: 1.0}, {0: 1.0, 1: 0.0}]}"
3,0.25,1.0,1,log,linear,93.41694843558194,0.6902,0.5139086086205825,"{'branching': ['V1.8'], 'leaves': [{0: 0.0, 1: 1.0}, {0: 1.0, 1: 0.0}]}"
3,0.25,1.0,1,log,lasso,145.29074060878338,0.5992,0.5087212294032627,"{'branching': ['V1.9'], 'leaves': [{0: 0.0, 1: 1.0}, {0: 1.0, 1: 0.0}]}"
4,0.25,1.0,1,tree,linear,110.93848330628626,0.6272,0.5135360284316813,"{'branching': ['V1.8'], 'leaves': [{0: 0.0, 1: 1.0}, {0: 1.0, 1: 0.0}]}"
4,0.25,1.0,1,tree,lasso,49.3679289107974,0.7739,0.5196930838712303,"{'branching': ['V1.6'], 'leaves': [{0: 0.0196078431372549, 1: 0.9803921568627452}, {0: 1.0, 1: 0.0}]}"
4,0.25,1.0,1,log,linear,110.93848330628626,0.6272,0.5135360284316813,"{'branching': ['V1.8'], 'leaves': [{0: 0.0, 1: 1.0}, {0: 1.0, 1: 0.0}]}"
4,0.25,1.0,1,log,lasso,110.93848330628626,0.6272,0.5135360284316813,"{'branching': ['V1.8'], 'leaves': [{0: 0.0, 1: 1.0}, {0: 1.0, 1: 0.0}]}"
5,0.25,1.0,1,tree,linear,26.756559412553425,0.8475,0.5095213841954326,"{'branching': ['V1.6'], 'leaves': [{0: 0.0, 1: 1.0}, {0: 1.0, 1: 0.0}]}"
5,0.25,1.0,1,tree,lasso,26.756559412553425,0.8475,0.5095213841954326,"{'branching': ['V1.6'], 'leaves': [{0: 0.0, 1: 1.0}, {0: 1.0, 1: 0.0}]}"
5,0.25,1.0,1,log,linear,26.756559412553425,0.8475,0.5095213841954326,"{'branching': ['V1.6'], 'leaves': [{0: 0.0, 1: 1.0}, {0: 1.0, 1: 0.0}]}"
5,0.25,1.0,1,log,lasso,26.756559412553425,0.8475,0.5095213841954326,"{'branching': ['V1.6'], 'leaves': [{0: 0.0, 1: 1.0}, {0: 1.0, 1: 0.0}]}"
1,0.5,1.0,1,tree,linear,31.90880283504463,0.8323,0.49260529205264,"{'branching': ['V1.6'], 'leaves': [{0: 0.0, 1: 1.0}, {0: 0.9868421052631579, 1: 0.013157894736842146}]}"
1,0.5,1.0,1,tree,lasso,28.7384888799048,0.8373,0.4929223234481531,"{'branching': ['V1.6'], 'leaves': [{0: 0.0, 1: 1.0}, {0: 1.0, 1: 0.0}]}"
1,0.5,1.0,1,log,linear,31.908802835044654,0.8335,0.49260529205264,"{'branching': ['V1.6'], 'leaves': [{0: 0.0, 1: 1.0}, {0: 0.9868421052631577, 1: 0.013157894736842257}]}"
1,0.5,1.0,1,log,lasso,28.7384888799048,0.8373,0.4929223234481531,"{'branching': ['V1.6'], 'leaves': [{0: 0.0, 1: 1.0}, {0: 1.0, 1: 0.0}]}"
2,0.5,1.0,1,tree,linear,37.981017477287686,0.8108,0.4775227240140737,"{'branching': ['V1.6'], 'leaves': [{0: 0.0196078431372549, 1: 0.9803921568627451}, {0: 1.0, 1: 0.0}]}"
2,0.5,1.0,1,tree,lasso,37.98101747728756,0.8103,0.4775227240140737,"{'branching': ['V1.6'], 'leaves': [{0: 0.019607843137254968, 1: 0.9803921568627451}, {0: 1.0, 1: 0.0}]}"
2,0.5,1.0,1,log,linear,37.98101747728757,0.8117,0.4775227240140737,"{'branching': ['V1.6'], 'leaves': [{0: 0.019607843137254832, 1: 0.9803921568627452}, {0: 1.0, 1: 0.0}]}"
2,0.5,1.0,1,log,lasso,37.981017477287686,0.8119,0.4775227240140737,"{'branching': ['V1.6'], 'leaves': [{0: 0.0196078431372549, 1: 0.9803921568627451}, {0: 1.0, 1: 0.0}]}"
3,0.5,1.0,1,tree,linear,93.41694843558194,0.6902,0.5139086086205825,"{'branching': ['V1.8'], 'leaves': [{0: 0.0, 1: 1.0}, {0: 1.0, 1: 0.0}]}"
3,0.5,1.0,1,tree,lasso,93.41694843558194,0.6902,0.5139086086205825,"{'branching': ['V1.8'], 'leaves': [{0: 0.0, 1: 1.0}, {0: 1.0, 1: 0.0}]}"
3,0.5,1.0,1,log,linear,93.41694843558194,0.6902,0.5139086086205825,"{'branching': ['V1.8'], 'leaves': [{0: 0.0, 1: 1.0}, {0: 1.0, 1: 0.0}]}"
3,0.5,1.0,1,log,lasso,93.41694843558194,0.6902,0.5139086086205825,"{'branching': ['V1.8'], 'leaves': [{0: 0.0, 1: 1.0}, {0: 1.0, 1: 0.0}]}"
4,0.5,1.0,1,tree,linear,110.93848330628626,0.6272,0.5135360284316813,"{'branching': ['V1.8'], 'leaves': [{0: 0.0, 1: 1.0}, {0: 1.0, 1: 0.0}]}"
4,0.5,1.0,1,tree,lasso,73.39077810227127,0.7076,0.5172907989520822,"{'branching': ['V1.7'], 'leaves': [{0: 0.0, 1: 1.0}, {0: 1.0, 1: 0.0}]}"
4,0.5,1.0,1,log,linear,110.93848330628626,0.6272,0.5135360284316813,"{'branching': ['V1.8'], 'leaves': [{0: 0.0, 1: 1.0}, {0: 1.0, 1: 0.0}]}"
4,0.5,1.0,1,log,lasso,73.39077810227127,0.7076,0.5172907989520822,"{'branching': ['V1.7'], 'leaves': [{0: 0.0, 1: 1.0}, {0: 1.0, 1: 0.0}]}"
5,0.5,1.0,1,tree,linear,26.756559412553425,0.8475,0.5095213841954326,"{'branching': ['V1.6'], 'leaves': [{0: 0.0, 1: 1.0}, {0: 1.0, 1: 0.0}]}"
5,0.5,1.0,1,tree,lasso,26.75655941255241,0.8475,0.5095213841954328,"{'branching': ['V1.6'], 'leaves': [{0: 0.0, 1: 1.0}, {0: 0.9999999999999998, 1: 6.331740687315475e-16}]}"
5,0.5,1.0,1,log,linear,26.756559412553425,0.8475,0.5095213841954326,"{'branching': ['V1.6'], 'leaves': [{0: 0.0, 1: 1.0}, {0: 1.0, 1: 0.0}]}"
5,0.5,1.0,1,log,lasso,26.756559412553425,0.8475,0.5095213841954326,"{'branching': ['V1.6'], 'leaves': [{0: 0.0, 1: 1.0}, {0: 1.0, 1: 0.0}]}"
1,0.75,1.0,1,tree,linear,31.908802835044654,0.8312,0.49260529205264,"{'branching': ['V1.6'], 'leaves': [{0: 0.0, 1: 1.0}, {0: 0.9868421052631577, 1: 0.013157894736842257}]}"
1,0.75,1.0,1,tree,lasso,28.7384888799048,0.8373,0.4929223234481531,"{'branching': ['V1.6'], 'leaves': [{0: 0.0, 1: 1.0}, {0: 1.0, 1: 0.0}]}"
1,0.75,1.0,1,log,linear,31.90880283504463,0.832,0.49260529205264,"{'branching': ['V1.6'], 'leaves': [{0: 0.0, 1: 1.0}, {0: 0.9868421052631579, 1: 0.013157894736842146}]}"
1,0.75,1.0,1,log,lasso,129.86239372519782,0.6375,0.4828099329636253,"{'branching': ['V2.4'], 'leaves': [{0: 1.0, 1: 0.0}, {0: 0.0, 1: 1.0}]}"
2,0.75,1.0,1,tree,linear,37.98101747728797,0.8099,0.4775227240140737,"{'branching': ['V1.6'], 'leaves': [{0: 0.019607843137256255, 1: 0.9803921568627437}, {0: 1.0, 1: 0.0}]}"
2,0.75,1.0,1,tree,lasso,37.981017477287686,0.8114,0.4775227240140737,"{'branching': ['V1.6'], 'leaves': [{0: 0.0196078431372549, 1: 0.9803921568627451}, {0: 1.0, 1: 0.0}]}"
2,0.75,1.0,1,log,linear,37.981017477287686,0.8111,0.4775227240140737,"{'branching': ['V1.6'], 'leaves': [{0: 0.0196078431372549, 1: 0.9803921568627451}, {0: 1.0, 1: 0.0}]}"
2,0.75,1.0,1,log,lasso,37.981017477287686,0.8118,0.4775227240140737,"{'branching': ['V1.6'], 'leaves': [{0: 0.0196078431372549, 1: 0.9803921568627451}, {0: 1.0, 1: 0.0}]}"
3,0.75,1.0,1,tree,linear,93.41694843558194,0.6902,0.5139086086205825,"{'branching': ['V1.8'], 'leaves': [{0: 0.0, 1: 1.0}, {0: 1.0, 1: 0.0}]}"
3,0.75,1.0,1,tree,lasso,145.29074060878338,0.5992,0.5087212294032627,"{'branching': ['V1.9'], 'leaves': [{0: 0.0, 1: 1.0}, {0: 1.0, 1: 0.0}]}"
3,0.75,1.0,1,log,linear,93.41694843558194,0.6902,0.5139086086205825,"{'branching': ['V1.8'], 'leaves': [{0: 0.0, 1: 1.0}, {0: 1.0, 1: 0.0}]}"
3,0.75,1.0,1,log,lasso,222.401121356594,0.5037,0.5010101913284815,"{'branching': ['V1.1'], 'leaves': [{0: 1.0, 1: 0.0}, {0: 1.0, 1: 0.0}]}"
4,0.75,1.0,1,tree,linear,110.93848330628626,0.6272,0.5135360284316813,"{'branching': ['V1.8'], 'leaves': [{0: 0.0, 1: 1.0}, {0: 1.0, 1: 0.0}]}"
4,0.75,1.0,1,tree,lasso,264.74850019859144,0.4241,0.4981550267424524,"{'branching': ['V1.1'], 'leaves': [{0: 1.0, 1: 0.0}, {0: 1.0, 1: 0.0}]}"
4,0.75,1.0,1,log,linear,110.93848330628626,0.6272,0.5135360284316813,"{'branching': ['V1.8'], 'leaves': [{0: 0.0, 1: 1.0}, {0: 1.0, 1: 0.0}]}"
4,0.75,1.0,1,log,lasso,73.39077810227127,0.7076,0.5172907989520822,"{'branching': ['V1.7'], 'leaves': [{0: 0.0, 1: 1.0}, {0: 1.0, 1: 0.0}]}"
5,0.75,1.0,1,tree,linear,26.75655941255281,0.8475,0.5095213841954328,"{'branching': ['V1.6'], 'leaves': [{0: 0.0, 1: 1.0}, {0: 1.0000000000000002, 1: 0.0}]}"
5,0.75,1.0,1,tree,lasso,26.756559412553425,0.8475,0.5095213841954326,"{'branching': ['V1.6'], 'leaves': [{0: 0.0, 1: 1.0}, {0: 1.0, 1: 0.0}]}"
5,0.75,1.0,1,log,linear,26.756559412553425,0.8475,0.5095213841954326,"{'branching': ['V1.6'], 'leaves': [{0: 0.0, 1: 1.0}, {0: 1.0, 1: 0.0}]}"
5,0.75,1.0,1,log,lasso,26.756559412553425,0.8475,0.5095213841954326,"{'branching': ['V1.6'], 'leaves': [{0: 0.0, 1: 1.0}, {0: 1.0, 1: 0.0}]}"
1,0.9,1.0,1,tree,linear,31.90880283504463,0.8308,0.49260529205264,"{'branching': ['V1.6'], 'leaves': [{0: 0.0, 1: 1.0}, {0: 0.9868421052631579, 1: 0.013157894736842146}]}"
1,0.9,1.0,1,tree,lasso,28.7384888799048,0.8373,0.4929223234481531,"{'branching': ['V1.6'], 'leaves': [{0: 0.0, 1: 1.0}, {0: 1.0, 1: 0.0}]}"
1,0.9,1.0,1,log,linear,31.90880283504463,0.832,0.49260529205264,"{'branching': ['V1.6'], 'leaves': [{0: 0.0, 1: 1.0}, {0: 0.9868421052631579, 1: 0.013157894736842146}]}"
1,0.9,1.0,1,log,lasso,131.23664518805515,0.6355,0.4826725078173398,"{'branching': ['V2.3'], 'leaves': [{0: 1.0, 1: 0.0}, {0: 0.0, 1: 1.0}]}"
2,0.9,1.0,1,tree,linear,37.98101747728761,0.8127,0.4775227240140737,"{'branching': ['V1.6'], 'leaves': [{0: 0.019607843137254943, 1: 0.9803921568627451}, {0: 1.0, 1: 0.0}]}"
2,0.9,1.0,1,tree,lasso,37.981017477287686,0.8116,0.4775227240140737,"{'branching': ['V1.6'], 'leaves': [{0: 0.0196078431372549, 1: 0.9803921568627451}, {0: 1.0, 1: 0.0}]}"
2,0.9,1.0,1,log,linear,37.9810174772876,0.8107,0.4775227240140737,"{'branching': ['V1.6'], 'leaves': [{0: 0.019607843137254954, 1: 0.9803921568627451}, {0: 1.0, 1: 0.0}]}"
2,0.9,1.0,1,log,lasso,241.93303547166212,0.4708,0.4571275222146358,"{'branching': ['V2.1'], 'leaves': [{0: 1.0, 1: 0.0}, {0: 0.0, 1: 1.0}]}"
3,0.9,1.0,1,tree,linear,145.29074060878338,0.5992,0.5087212294032627,"{'branching': ['V1.9'], 'leaves': [{0: 0.0, 1: 1.0}, {0: 1.0, 1: 0.0}]}"
3,0.9,1.0,1,tree,lasso,46.8487463155757,0.7913,0.5185654288325834,"{'branching': ['V1.6'], 'leaves': [{0: 0.0196078431372549, 1: 0.9803921568627451}, {0: 1.0, 1: 0.0}]}"
3,0.9,1.0,1,log,linear,145.29074060878338,0.5992,0.5087212294032627,"{'branching': ['V1.9'], 'leaves': [{0: 0.0, 1: 1.0}, {0: 1.0, 1: 0.0}]}"
3,0.9,1.0,1,log,lasso,222.401121356594,0.5037,0.5010101913284815,"{'branching': ['V1.1'], 'leaves': [{0: 1.0, 1: 0.0}, {0: 1.0, 1: 0.0}]}"
4,0.9,1.0,1,tree,linear,110.93848330628626,0.6272,0.5135360284316813,"{'branching': ['V1.8'], 'leaves': [{0: 0.0, 1: 1.0}, {0: 1.0, 1: 0.0}]}"
4,0.9,1.0,1,tree,lasso,110.93848330628626,0.6272,0.5135360284316813,"{'branching': ['V1.8'], 'leaves': [{0: 0.0, 1: 1.0}, {0: 1.0, 1: 0.0}]}"
4,0.9,1.0,1,log,linear,110.93848330628626,0.6272,0.5135360284316813,"{'branching': ['V1.8'], 'leaves': [{0: 0.0, 1: 1.0}, {0: 1.0, 1: 0.0}]}"
4,0.9,1.0,1,log,lasso,167.7324417373319,0.5663,0.5078566325885799,"{'branching': ['V2.3'], 'leaves': [{0: 1.0, 1: 0.0}, {0: 0.0, 1: 1.0}]}"
5,0.9,1.0,1,tree,linear,26.756559412553425,0.8475,0.5095213841954326,"{'branching': ['V1.6'], 'leaves': [{0: 0.0, 1: 1.0}, {0: 1.0, 1: 0.0}]}"
5,0.9,1.0,1,tree,lasso,26.756559412553464,0.8475,0.5095213841954326,"{'branching': ['V1.6'], 'leaves': [{0: 1.1102230246251565e-16, 1: 0.9999999999999999}, {0: 1.0, 1: 0.0}]}"
5,0.9,1.0,1,log,linear,224.60131627330003,0.5329,0.4897369085093561,"{'branching': ['V2.8'], 'leaves': [{0: 0.0, 1: 1.0}, {0: 1.0, 1: 0.0}]}"
5,0.9,1.0,1,log,lasso,128.73533649513524,0.6567,0.4993235064871742,"{'branching': ['V1.3'], 'leaves': [{0: 1.0, 1: 0.0}, {0: 1.0, 1: 0.0}]}"
